monday,tuesday,wednesday,thursday,friday,saturday,sunday,start_date,end_date,service_id
0,0,0,0,0,0,1,20260523,20260602,930
0,0,0,0,0,0,1,20260523,20260612,481
0,0,0,0,0,0,1,20260524,20260531,746
0,0,0,0,0,0,1,20260524,20260607,281
0,0,0,0,0,0,1,20260524,20260607,749
0,0,0,0,0,0,1,20260524,20260621,15
0,0,0,0,0,0,1,20260524,20260621,628
0,0,0,0,0,0,1,20260524,20260621,683
0,0,0,0,0,0,1,20260524,20260621,955
0,0,0,0,0,0,1,20260524,20260621,959
0,0,0,0,0,0,1,20260525,20260607,971
0,0,0,0,0,0,1,20260525,20260622,703
0,0,0,0,0,0,1,20260530,20260607,503
0,0,0,0,0,0,1,20260530,20260622,584
0,0,0,0,0,0,1,20260531,20260607,523
0,0,0,0,0,0,1,20260531,20260612,322
0,0,0,0,0,0,1,20260531,20260621,464
0,0,0,0,0,0,1,20260607,20260614,970
0,0,0,0,0,0,1,20260608,20260621,472
0,0,0,0,0,0,1,20260614,20260621,411
0,0,0,0,0,0,1,20260614,20260621,510
0,0,0,0,0,0,1,20260614,20260622,852
0,0,0,0,0,1,0,20260523,20260530,909
0,0,0,0,0,1,0,20260523,20260606,140
0,0,0,0,0,1,0,20260523,20260606,846
0,0,0,0,0,1,0,20260523,20260613,367
0,0,0,0,0,1,0,20260523,20260613,396
0,0,0,0,0,1,0,20260523,20260613,572
0,0,0,0,0,1,0,20260523,20260620,217
0,0,0,0,0,1,0,20260523,20260620,62
0,0,0,0,0,1,0,20260523,20260620,840
0,0,0,0,0,1,0,20260530,20260606,195
0,0,0,0,0,1,0,20260530,20260607,5
0,0,0,0,0,1,0,20260530,20260613,175
0,0,0,0,0,1,0,20260530,20260613,842
0,0,0,0,0,1,0,20260530,20260620,779
0,0,0,0,0,1,0,20260604,20260613,805
0,0,0,0,0,1,0,20260604,20260620,829
0,0,0,0,0,1,0,20260606,20260613,274
0,0,0,0,0,1,0,20260606,20260621,211
0,0,0,0,0,1,0,20260612,20260620,43
0,0,0,0,0,1,0,20260613,20260620,25
0,0,0,0,0,1,0,20260613,20260620,55
0,0,0,0,0,1,0,20260613,20260620,937
0,0,0,0,0,1,0,20260613,20260622,260
0,0,0,0,0,1,1,20260523,20260524,231
0,0,0,0,0,1,1,20260523,20260530,832
0,0,0,0,0,1,1,20260523,20260531,864
0,0,0,0,0,1,1,20260523,20260607,418
0,0,0,0,0,1,1,20260523,20260607,886
0,0,0,0,0,1,1,20260523,20260613,144
0,0,0,0,0,1,1,20260523,20260613,245
0,0,0,0,0,1,1,20260523,20260613,420
0,0,0,0,0,1,1,20260523,20260613,479
0,0,0,0,0,1,1,20260523,20260613,513
0,0,0,0,0,1,1,20260523,20260613,514
0,0,0,0,0,1,1,20260523,20260613,757
0,0,0,0,0,1,1,20260523,20260613,761
0,0,0,0,0,1,1,20260523,20260613,883
0,0,0,0,0,1,1,20260523,20260613,989
0,0,0,0,0,1,1,20260523,20260620,519
0,0,0,0,0,1,1,20260523,20260621,1000
0,0,0,0,0,1,1,20260523,20260621,14
0,0,0,0,0,1,1,20260523,20260621,174
0,0,0,0,0,1,1,20260523,20260621,218
0,0,0,0,0,1,1,20260523,20260621,484
0,0,0,0,0,1,1,20260523,20260621,508
0,0,0,0,0,1,1,20260523,20260621,518
0,0,0,0,0,1,1,20260523,20260621,554
0,0,0,0,0,1,1,20260523,20260621,752
0,0,0,0,0,1,1,20260523,20260621,775
0,0,0,0,0,1,1,20260523,20260621,791
0,0,0,0,0,1,1,20260523,20260622,701
0,0,0,0,0,1,1,20260524,20260601,857
0,0,0,0,0,1,1,20260524,20260621,695
0,0,0,0,0,1,1,20260525,20260607,284
0,0,0,0,0,1,1,20260525,20260613,221
0,0,0,0,0,1,1,20260525,20260613,555
0,0,0,0,0,1,1,20260530,20260531,389
0,0,0,0,0,1,1,20260530,20260607,524
0,0,0,0,0,1,1,20260530,20260613,257
0,0,0,0,0,1,1,20260530,20260613,623
0,0,0,0,0,1,1,20260530,20260613,83
0,0,0,0,0,1,1,20260530,20260621,538
0,0,0,0,0,1,1,20260601,20260620,797
0,0,0,0,0,1,1,20260605,20260621,567
0,0,0,0,0,1,1,20260606,20260607,128
0,0,0,0,0,1,1,20260606,20260613,383
0,0,0,0,0,1,1,20260606,20260614,552
0,0,0,0,0,1,1,20260606,20260621,205
0,0,0,0,0,1,1,20260606,20260621,430
0,0,0,0,0,1,1,20260606,20260621,434
0,0,0,0,0,1,1,20260606,20260621,672
0,0,0,0,0,1,1,20260606,20260621,908
0,0,0,0,0,1,1,20260606,20260621,935
0,0,0,0,0,1,1,20260607,20260613,51
0,0,0,0,0,1,1,20260613,20260614,330
0,0,0,0,0,1,1,20260613,20260620,614
0,0,0,0,0,1,1,20260613,20260621,489
0,0,0,0,0,1,1,20260614,20260620,71
0,0,0,0,0,1,1,20260614,20260621,507
0,0,0,0,0,1,1,20260614,20260622,259
0,0,0,0,0,1,1,20260620,20260621,153
0,0,0,0,1,0,0,20260529,20260605,28
0,0,0,0,1,0,0,20260529,20260612,292
0,0,0,0,1,0,0,20260529,20260612,357
0,0,0,0,1,0,0,20260529,20260612,788
0,0,0,0,1,0,0,20260529,20260619,830
0,0,0,0,1,0,0,20260601,20260612,664
0,0,0,0,1,0,0,20260603,20260620,980
0,0,0,0,1,0,0,20260605,20260612,573
0,0,0,0,1,0,0,20260605,20260619,148
0,0,0,0,1,0,0,20260612,20260619,744
0,0,0,0,1,0,1,20260523,20260603,187
0,0,0,0,1,0,1,20260524,20260529,377
0,0,0,0,1,0,1,20260524,20260529,452
0,0,0,0,1,0,1,20260524,20260612,42
0,0,0,0,1,0,1,20260529,20260531,208
0,0,0,0,1,0,1,20260531,20260612,78
0,0,0,0,1,0,1,20260603,20260622,45
0,0,0,0,1,0,1,20260605,20260607,21
0,0,0,0,1,0,1,20260605,20260612,53
0,0,0,0,1,0,1,20260614,20260619,745
0,0,0,0,1,0,1,20260614,20260621,183
0,0,0,0,1,0,1,20260614,20260622,499
0,0,0,0,1,0,1,20260619,20260621,486
0,0,0,0,1,1,0,20260523,20260529,158
0,0,0,0,1,1,0,20260523,20260530,618
0,0,0,0,1,1,0,20260523,20260620,413
0,0,0,0,1,1,0,20260529,20260530,467
0,0,0,0,1,1,0,20260529,20260613,527
0,0,0,0,1,1,0,20260529,20260620,786
0,0,0,0,1,1,0,20260530,20260606,599
0,0,0,0,1,1,0,20260605,20260606,209
0,0,0,0,1,1,0,20260605,20260613,780
0,0,0,0,1,1,0,20260605,20260620,471
0,0,0,0,1,1,0,20260606,20260612,126
0,0,0,0,1,1,0,20260612,20260613,160
0,0,0,0,1,1,0,20260612,20260613,402
0,0,0,0,1,1,0,20260612,20260614,994
0,0,0,0,1,1,0,20260612,20260619,899
0,0,0,0,1,1,0,20260612,20260620,637
0,0,0,0,1,1,0,20260612,20260620,995
0,0,0,0,1,1,0,20260619,20260620,617
0,0,0,0,1,1,1,20260523,20260529,669
0,0,0,0,1,1,1,20260523,20260530,493
0,0,0,0,1,1,1,20260523,20260612,487
0,0,0,0,1,1,1,20260523,20260613,743
0,0,0,0,1,1,1,20260529,20260531,702
0,0,0,0,1,1,1,20260529,20260607,504
0,0,0,0,1,1,1,20260529,20260621,278
0,0,0,0,1,1,1,20260530,20260607,720
0,0,0,0,1,1,1,20260530,20260621,207
0,0,0,0,1,1,1,20260530,20260621,812
0,0,0,0,1,1,1,20260531,20260621,522
0,0,0,0,1,1,1,20260605,20260607,754
0,0,0,0,1,1,1,20260605,20260613,848
0,0,0,0,1,1,1,20260612,20260614,924
0,0,0,0,1,1,1,20260613,20260619,553
0,0,0,0,1,1,1,20260614,20260621,853
0,0,0,0,1,1,1,20260619,20260621,896
0,0,0,1,0,0,0,20260528,20260611,449
0,0,0,1,0,0,0,20260529,20260604,809
0,0,0,1,0,0,0,20260604,20260611,437
0,0,0,1,0,0,1,20260531,20260604,808
0,0,0,1,0,0,1,20260604,20260607,305
0,0,0,1,0,0,1,20260604,20260607,950
0,0,0,1,0,0,1,20260607,20260611,197
0,0,0,1,0,1,0,20260528,20260530,271
0,0,0,1,0,1,0,20260529,20260608,511
0,0,0,1,0,1,0,20260529,20260608,690
0,0,0,1,0,1,0,20260604,20260606,163
0,0,0,1,0,1,0,20260611,20260613,710
0,0,0,1,0,1,1,20260523,20260528,624
0,0,0,1,1,0,0,20260523,20260619,424
0,0,0,1,1,0,0,20260528,20260529,256
0,0,0,1,1,0,0,20260604,20260605,753
0,0,0,1,1,0,0,20260605,20260613,747
0,0,0,1,1,0,0,20260605,20260619,226
0,0,0,1,1,0,0,20260611,20260612,496
0,0,0,1,1,0,0,20260611,20260612,631
0,0,0,1,1,0,0,20260611,20260612,939
0,0,0,1,1,0,0,20260612,20260618,1008
0,0,0,1,1,0,1,20260605,20260612,171
0,0,0,1,1,0,1,20260605,20260613,427
0,0,0,1,1,0,1,20260618,20260621,375
0,0,0,1,1,1,0,20260528,20260530,408
0,0,0,1,1,1,0,20260528,20260530,477
0,0,0,1,1,1,0,20260611,20260613,66
0,0,0,1,1,1,0,20260618,20260620,977
0,0,0,1,1,1,1,20260523,20260529,718
0,0,0,1,1,1,1,20260524,20260613,849
0,0,0,1,1,1,1,20260530,20260607,82
0,0,0,1,1,1,1,20260605,20260613,311
0,0,0,1,1,1,1,20260613,20260619,610
0,0,0,1,1,1,1,20260614,20260622,917
0,0,1,0,0,0,1,20260603,20260607,657
0,0,1,0,0,0,1,20260614,20260621,206
0,0,1,0,0,1,0,20260523,20260527,385
0,0,1,0,1,0,0,20260603,20260605,942
0,0,1,0,1,1,0,20260527,20260530,355
0,0,1,0,1,1,1,20260603,20260607,979
0,0,1,1,0,0,0,20260526,20260611,85
0,0,1,1,0,0,0,20260527,20260528,267
0,0,1,1,0,0,0,20260610,20260611,921
0,0,1,1,0,0,0,20260617,20260618,634
0,0,1,1,0,1,0,20260603,20260606,132
0,0,1,1,1,0,0,20260527,20260529,293
0,0,1,1,1,0,0,20260603,20260605,919
0,0,1,1,1,0,0,20260610,20260612,120
0,0,1,1,1,0,0,20260617,20260619,776
0,0,1,1,1,1,0,20260527,20260613,961
0,0,1,1,1,1,0,20260610,20260613,716
0,0,1,1,1,1,1,20260523,20260529,165
0,0,1,1,1,1,1,20260527,20260531,734
0,1,0,0,0,0,1,20260524,20260526,964
0,1,0,0,0,0,1,20260531,20260602,470
0,1,0,0,0,0,1,20260531,20260607,246
0,1,0,0,0,1,0,20260523,20260602,423
0,1,0,0,0,1,0,20260613,20260620,109
0,1,0,0,0,1,1,20260523,20260526,60
0,1,0,0,0,1,1,20260526,20260531,17
0,1,0,0,1,0,0,20260526,20260529,176
0,1,0,0,1,0,0,20260602,20260605,312
0,1,0,0,1,0,1,20260607,20260612,247
0,1,0,0,1,1,1,20260523,20260603,7
0,1,0,0,1,1,1,20260523,20260604,301
0,1,0,0,1,1,1,20260602,20260607,762
0,1,0,1,0,0,0,20260526,20260528,368
0,1,0,1,0,0,0,20260602,20260604,64
0,1,0,1,0,0,0,20260602,20260604,87
0,1,0,1,0,0,0,20260609,20260611,381
0,1,0,1,0,0,0,20260616,20260618,663
0,1,0,1,0,0,1,20260523,20260528,536
0,1,0,1,0,0,1,20260524,20260621,694
0,1,0,1,0,0,1,20260525,20260602,241
0,1,0,1,0,0,1,20260528,20260611,234
0,1,0,1,0,0,1,20260614,20260622,147
0,1,0,1,0,1,0,20260523,20260528,251
0,1,0,1,1,0,0,20260526,20260529,766
0,1,0,1,1,0,0,20260609,20260612,262
0,1,0,1,1,1,0,20260523,20260602,306
0,1,0,1,1,1,0,20260609,20260613,676
0,1,0,1,1,1,1,20260531,20260606,520
0,1,0,1,1,1,1,20260614,20260622,75
0,1,1,0,0,0,0,20260523,20260612,325
0,1,1,0,0,0,0,20260526,20260527,248
0,1,1,0,0,0,0,20260602,20260603,512
0,1,1,0,0,0,0,20260602,20260603,803
0,1,1,0,0,0,0,20260603,20260609,559
0,1,1,0,0,0,0,20260609,20260610,671
0,1,1,0,0,0,0,20260609,20260617,912
0,1,1,0,0,0,0,20260616,20260617,660
0,1,1,0,0,0,1,20260524,20260610,677
0,1,1,0,0,1,0,20260602,20260606,951
0,1,1,0,0,1,0,20260606,20260607,469
0,1,1,0,0,1,0,20260609,20260613,801
0,1,1,0,0,1,0,20260609,20260613,874
0,1,1,0,0,1,1,20260523,20260527,403
0,1,1,0,0,1,1,20260530,20260603,948
0,1,1,0,0,1,1,20260530,20260607,276
0,1,1,0,0,1,1,20260602,20260607,880
0,1,1,0,1,0,0,20260523,20260613,590
0,1,1,0,1,0,0,20260526,20260529,173
0,1,1,0,1,0,0,20260526,20260529,903
0,1,1,0,1,0,0,20260526,20260605,204
0,1,1,0,1,0,0,20260526,20260612,350
0,1,1,0,1,0,0,20260526,20260612,965
0,1,1,0,1,0,0,20260527,20260612,806
0,1,1,0,1,0,0,20260529,20260611,169
0,1,1,0,1,0,0,20260602,20260605,992
0,1,1,0,1,0,0,20260616,20260619,976
0,1,1,0,1,0,1,20260523,20260613,461
0,1,1,0,1,0,1,20260531,20260612,561
0,1,1,0,1,1,0,20260526,20260606,983
0,1,1,0,1,1,0,20260526,20260613,601
0,1,1,0,1,1,0,20260530,20260613,99
0,1,1,0,1,1,0,20260602,20260606,585
0,1,1,0,1,1,1,20260526,20260613,662
0,1,1,0,1,1,1,20260530,20260605,351
0,1,1,0,1,1,1,20260530,20260607,167
0,1,1,0,1,1,1,20260602,20260607,392
0,1,1,0,1,1,1,20260614,20260622,850
0,1,1,1,0,0,0,20260526,20260528,239
0,1,1,1,0,0,0,20260526,20260528,32
0,1,1,1,0,0,0,20260526,20260528,987
0,1,1,1,0,0,0,20260526,20260602,162
0,1,1,1,0,0,0,20260526,20260603,642
0,1,1,1,0,0,0,20260526,20260611,238
0,1,1,1,0,0,0,20260526,20260611,277
0,1,1,1,0,0,0,20260526,20260611,480
0,1,1,1,0,0,0,20260526,20260612,215
0,1,1,1,0,0,0,20260527,20260611,35
0,1,1,1,0,0,0,20260602,20260604,644
0,1,1,1,0,0,0,20260603,20260611,395
0,1,1,1,0,0,0,20260609,20260611,868
0,1,1,1,0,0,0,20260616,20260618,81
0,1,1,1,0,0,1,20260523,20260613,191
0,1,1,1,0,0,1,20260526,20260611,613
0,1,1,1,0,0,1,20260526,20260611,742
0,1,1,1,0,0,1,20260603,20260621,612
0,1,1,1,0,1,0,20260523,20260528,648
0,1,1,1,0,1,0,20260523,20260612,988
0,1,1,1,0,1,0,20260523,20260613,502
0,1,1,1,0,1,0,20260526,20260530,638
0,1,1,1,0,1,0,20260526,20260613,240
0,1,1,1,0,1,0,20260530,20260613,600
0,1,1,1,0,1,0,20260602,20260606,990
0,1,1,1,0,1,1,20260523,20260528,26
0,1,1,1,0,1,1,20260523,20260612,653
0,1,1,1,0,1,1,20260526,20260602,192
0,1,1,1,0,1,1,20260530,20260604,533
0,1,1,1,1,0,0,20260523,20260603,793
0,1,1,1,1,0,0,20260523,20260603,934
0,1,1,1,1,0,0,20260523,20260612,19
0,1,1,1,1,0,0,20260523,20260612,679
0,1,1,1,1,0,0,20260523,20260613,24
0,1,1,1,1,0,0,20260523,20260613,482
0,1,1,1,1,0,0,20260523,20260613,596
0,1,1,1,1,0,0,20260523,20260613,640
0,1,1,1,1,0,0,20260523,20260613,714
0,1,1,1,1,0,0,20260523,20260613,73
0,1,1,1,1,0,0,20260523,20260622,468
0,1,1,1,1,0,0,20260524,20260603,327
0,1,1,1,1,0,0,20260524,20260604,823
0,1,1,1,1,0,0,20260524,20260612,877
0,1,1,1,1,0,0,20260526,20260529,138
0,1,1,1,1,0,0,20260526,20260529,223
0,1,1,1,1,0,0,20260526,20260529,455
0,1,1,1,1,0,0,20260526,20260529,691
0,1,1,1,1,0,0,20260526,20260529,763
0,1,1,1,1,0,0,20260526,20260529,906
0,1,1,1,1,0,0,20260526,20260602,926
0,1,1,1,1,0,0,20260526,20260603,432
0,1,1,1,1,0,0,20260526,20260611,150
0,1,1,1,1,0,0,20260526,20260611,869
0,1,1,1,1,0,0,20260526,20260612,182
0,1,1,1,1,0,0,20260526,20260612,202
0,1,1,1,1,0,0,20260526,20260612,23
0,1,1,1,1,0,0,20260526,20260612,365
0,1,1,1,1,0,0,20260526,20260612,525
0,1,1,1,1,0,0,20260526,20260612,686
0,1,1,1,1,0,0,20260526,20260612,729
0,1,1,1,1,0,0,20260526,20260612,898
0,1,1,1,1,0,0,20260526,20260613,224
0,1,1,1,1,0,0,20260526,20260613,735
0,1,1,1,1,0,0,20260526,20260622,203
0,1,1,1,1,0,0,20260526,20260622,384
0,1,1,1,1,0,0,20260527,20260602,913
0,1,1,1,1,0,0,20260527,20260612,730
0,1,1,1,1,0,0,20260602,20260605,665
0,1,1,1,1,0,0,20260605,20260611,789
0,1,1,1,1,0,0,20260609,20260612,798
0,1,1,1,1,0,0,20260616,20260619,586
0,1,1,1,1,0,1,20260523,20260529,272
0,1,1,1,1,0,1,20260523,20260529,500
0,1,1,1,1,0,1,20260523,20260529,607
0,1,1,1,1,0,1,20260523,20260529,770
0,1,1,1,1,0,1,20260523,20260531,235
0,1,1,1,1,0,1,20260523,20260603,63
0,1,1,1,1,0,1,20260523,20260612,252
0,1,1,1,1,0,1,20260523,20260613,166
0,1,1,1,1,0,1,20260523,20260613,608
0,1,1,1,1,0,1,20260524,20260529,630
0,1,1,1,1,0,1,20260524,20260531,539
0,1,1,1,1,0,1,20260526,20260612,161
0,1,1,1,1,0,1,20260526,20260612,568
0,1,1,1,1,0,1,20260526,20260612,777
0,1,1,1,1,0,1,20260526,20260612,973
0,1,1,1,1,0,1,20260531,20260607,473
0,1,1,1,1,0,1,20260614,20260621,88
0,1,1,1,1,0,1,20260614,20260622,222
0,1,1,1,1,0,1,20260616,20260621,343
0,1,1,1,1,1,0,20260523,20260529,615
0,1,1,1,1,1,0,20260523,20260611,68
0,1,1,1,1,1,0,20260523,20260613,216
0,1,1,1,1,1,0,20260523,20260613,495
0,1,1,1,1,1,0,20260523,20260613,526
0,1,1,1,1,1,0,20260523,20260613,569
0,1,1,1,1,1,0,20260523,20260613,79
0,1,1,1,1,1,0,20260523,20260613,887
0,1,1,1,1,1,0,20260523,20260613,957
0,1,1,1,1,1,0,20260523,20260613,97
0,1,1,1,1,1,0,20260526,20260602,692
0,1,1,1,1,1,0,20260526,20260613,20
0,1,1,1,1,1,0,20260526,20260613,400
0,1,1,1,1,1,0,20260526,20260613,414
0,1,1,1,1,1,0,20260526,20260613,885
0,1,1,1,1,1,0,20260526,20260613,933
0,1,1,1,1,1,0,20260526,20260613,962
0,1,1,1,1,1,0,20260530,20260606,861
0,1,1,1,1,1,0,20260602,20260606,298
0,1,1,1,1,1,0,20260609,20260613,135
0,1,1,1,1,1,1,20260523,20260529,41
0,1,1,1,1,1,1,20260523,20260602,338
0,1,1,1,1,1,1,20260523,20260603,666
0,1,1,1,1,1,1,20260523,20260604,771
0,1,1,1,1,1,1,20260523,20260607,91
0,1,1,1,1,1,1,20260523,20260611,549
0,1,1,1,1,1,1,20260523,20260611,622
0,1,1,1,1,1,1,20260523,20260612,1007
0,1,1,1,1,1,1,20260523,20260612,263
0,1,1,1,1,1,1,20260523,20260612,304
0,1,1,1,1,1,1,20260523,20260612,364
0,1,1,1,1,1,1,20260523,20260612,406
0,1,1,1,1,1,1,20260523,20260612,819
0,1,1,1,1,1,1,20260523,20260613,1003
0,1,1,1,1,1,1,20260523,20260613,119
0,1,1,1,1,1,1,20260523,20260613,227
0,1,1,1,1,1,1,20260523,20260613,258
0,1,1,1,1,1,1,20260523,20260613,29
0,1,1,1,1,1,1,20260523,20260613,372
0,1,1,1,1,1,1,20260523,20260613,447
0,1,1,1,1,1,1,20260523,20260613,456
0,1,1,1,1,1,1,20260523,20260613,52
0,1,1,1,1,1,1,20260523,20260613,529
0,1,1,1,1,1,1,20260523,20260613,56
0,1,1,1,1,1,1,20260523,20260613,580
0,1,1,1,1,1,1,20260523,20260613,682
0,1,1,1,1,1,1,20260523,20260613,758
0,1,1,1,1,1,1,20260523,20260613,790
0,1,1,1,1,1,1,20260523,20260613,836
0,1,1,1,1,1,1,20260523,20260613,873
0,1,1,1,1,1,1,20260523,20260620,333
0,1,1,1,1,1,1,20260523,20260621,421
0,1,1,1,1,1,1,20260523,20260621,709
0,1,1,1,1,1,1,20260525,20260604,673
0,1,1,1,1,1,1,20260525,20260607,254
0,1,1,1,1,1,1,20260525,20260613,279
0,1,1,1,1,1,1,20260525,20260622,397
0,1,1,1,1,1,1,20260526,20260531,1006
0,1,1,1,1,1,1,20260526,20260603,993
0,1,1,1,1,1,1,20260526,20260612,27
0,1,1,1,1,1,1,20260526,20260613,288
0,1,1,1,1,1,1,20260526,20260613,794
0,1,1,1,1,1,1,20260529,20260618,110
0,1,1,1,1,1,1,20260530,20260605,820
0,1,1,1,1,1,1,20260530,20260607,290
0,1,1,1,1,1,1,20260531,20260607,425
0,1,1,1,1,1,1,20260602,20260607,136
0,1,1,1,1,1,1,20260604,20260622,626
0,1,1,1,1,1,1,20260606,20260607,661
0,1,1,1,1,1,1,20260614,20260620,860
0,1,1,1,1,1,1,20260614,20260621,335
0,1,1,1,1,1,1,20260616,20260621,388
1,0,0,0,0,0,0,20260523,20260531,938
1,0,0,0,0,0,0,20260524,20260601,925
1,0,0,0,0,0,0,20260524,20260604,341
1,0,0,0,0,0,0,20260525,20260601,431
1,0,0,0,0,0,0,20260525,20260601,821
1,0,0,0,0,0,0,20260525,20260604,509
1,0,0,0,0,0,0,20260525,20260604,516
1,0,0,0,0,0,0,20260525,20260605,1
1,0,0,0,0,0,0,20260526,20260608,541
1,0,0,0,0,0,0,20260530,20260608,575
1,0,0,0,0,0,0,20260601,20260608,228
1,0,0,0,0,0,0,20260615,20260622,984
1,0,0,0,0,0,1,20260523,20260525,986
1,0,0,0,0,0,1,20260523,20260531,444
1,0,0,0,0,0,1,20260523,20260604,981
1,0,0,0,0,0,1,20260523,20260607,843
1,0,0,0,0,0,1,20260524,20260525,179
1,0,0,0,0,0,1,20260524,20260525,627
1,0,0,0,0,0,1,20260524,20260607,101
1,0,0,0,0,0,1,20260525,20260531,889
1,0,0,0,0,0,1,20260525,20260601,841
1,0,0,0,0,0,1,20260525,20260605,12
1,0,0,0,0,0,1,20260531,20260601,405
1,0,0,0,0,0,1,20260601,20260607,178
1,0,0,0,0,0,1,20260607,20260608,649
1,0,0,0,0,0,1,20260614,20260615,188
1,0,0,0,0,0,1,20260614,20260622,712
1,0,0,0,0,0,1,20260621,20260622,409
1,0,0,0,0,1,0,20260523,20260525,435
1,0,0,0,0,1,0,20260523,20260531,67
1,0,0,0,0,1,0,20260523,20260606,370
1,0,0,0,0,1,0,20260523,20260606,687
1,0,0,0,0,1,0,20260530,20260601,415
1,0,0,0,0,1,0,20260601,20260606,918
1,0,0,0,0,1,0,20260601,20260611,422
1,0,0,0,0,1,0,20260615,20260620,680
1,0,0,0,0,1,0,20260620,20260622,378
1,0,0,0,0,1,1,20260523,20260525,952
1,0,0,0,0,1,1,20260523,20260531,453
1,0,0,0,0,1,1,20260525,20260531,334
1,0,0,0,0,1,1,20260525,20260601,838
1,0,0,0,0,1,1,20260530,20260601,855
1,0,0,0,0,1,1,20260530,20260607,940
1,0,0,0,0,1,1,20260606,20260608,931
1,0,0,0,0,1,1,20260613,20260615,611
1,0,0,0,0,1,1,20260620,20260622,884
1,0,0,0,1,0,0,20260525,20260529,317
1,0,0,0,1,0,0,20260529,20260601,236
1,0,0,0,1,0,0,20260601,20260605,106
1,0,0,0,1,0,0,20260605,20260608,717
1,0,0,0,1,0,0,20260605,20260622,635
1,0,0,0,1,0,0,20260615,20260622,685
1,0,0,0,1,0,0,20260619,20260622,145
1,0,0,0,1,0,1,20260525,20260601,371
1,0,0,0,1,0,1,20260601,20260607,458
1,0,0,0,1,0,1,20260612,20260621,688
1,0,0,0,1,0,1,20260614,20260619,556
1,0,0,0,1,0,1,20260615,20260622,232
1,0,0,0,1,1,0,20260601,20260606,340
1,0,0,0,1,1,0,20260606,20260622,865
1,0,0,0,1,1,0,20260615,20260622,199
1,0,0,0,1,1,0,20260619,20260622,822
1,0,0,0,1,1,1,20260523,20260529,448
1,0,0,0,1,1,1,20260523,20260608,2
1,0,0,0,1,1,1,20260525,20260531,588
1,0,0,0,1,1,1,20260529,20260601,157
1,0,0,0,1,1,1,20260619,20260622,953
1,0,0,1,0,0,0,20260525,20260601,94
1,0,0,1,0,0,0,20260528,20260601,44
1,0,0,1,0,0,0,20260528,20260604,974
1,0,0,1,0,0,0,20260529,20260604,764
1,0,0,1,0,0,0,20260601,20260604,250
1,0,0,1,0,0,0,20260601,20260604,345
1,0,0,1,0,0,0,20260601,20260604,847
1,0,0,1,0,0,0,20260608,20260611,834
1,0,0,1,0,0,0,20260615,20260618,37
1,0,0,1,0,0,1,20260531,20260604,141
1,0,0,1,0,0,1,20260601,20260607,105
1,0,0,1,0,0,1,20260614,20260622,715
1,0,0,1,0,0,1,20260615,20260622,505
1,0,0,1,0,1,0,20260530,20260604,123
1,0,0,1,0,1,0,20260601,20260606,359
1,0,0,1,0,1,1,20260614,20260621,550
1,0,0,1,1,0,0,20260528,20260601,530
1,0,0,1,1,0,0,20260529,20260604,186
1,0,0,1,1,0,0,20260601,20260605,457
1,0,0,1,1,0,0,20260601,20260605,566
1,0,0,1,1,0,0,20260615,20260622,968
1,0,0,1,1,0,1,20260523,20260622,373
1,0,0,1,1,0,1,20260528,20260601,574
1,0,0,1,1,1,0,20260601,20260607,963
1,0,0,1,1,1,0,20260601,20260622,795
1,0,1,0,0,0,0,20260525,20260527,593
1,0,1,0,0,0,0,20260527,20260601,1001
1,0,1,0,0,0,0,20260601,20260603,264
1,0,1,0,0,0,0,20260601,20260603,545
1,0,1,0,0,0,0,20260608,20260610,882
1,0,1,0,0,0,0,20260615,20260617,781
1,0,1,0,0,0,1,20260531,20260603,33
1,0,1,0,0,0,1,20260614,20260617,558
1,0,1,0,0,1,0,20260530,20260603,540
1,0,1,0,0,1,0,20260613,20260617,16
1,0,1,0,0,1,1,20260614,20260621,697
1,0,1,0,1,0,0,20260601,20260605,360
1,0,1,0,1,1,0,20260523,20260622,483
1,0,1,1,0,0,0,20260601,20260604,95
1,0,1,1,0,0,0,20260615,20260618,859
1,0,1,1,0,0,1,20260614,20260621,168
1,0,1,1,0,1,1,20260523,20260528,521
1,0,1,1,1,0,0,20260608,20260622,9
1,0,1,1,1,0,0,20260612,20260618,851
1,0,1,1,1,0,1,20260610,20260612,768
1,0,1,1,1,0,1,20260614,20260621,336
1,0,1,1,1,0,1,20260614,20260622,914
1,0,1,1,1,1,1,20260523,20260529,337
1,0,1,1,1,1,1,20260525,20260531,811
1,0,1,1,1,1,1,20260602,20260611,316
1,0,1,1,1,1,1,20260602,20260613,299
1,0,1,1,1,1,1,20260607,20260613,180
1,0,1,1,1,1,1,20260613,20260621,412
1,0,1,1,1,1,1,20260615,20260622,895
1,0,1,1,1,1,1,20260617,20260622,323
1,1,0,0,0,0,0,20260525,20260526,602
1,1,0,0,0,0,0,20260525,20260526,824
1,1,0,0,0,0,0,20260525,20260611,229
1,1,0,0,0,0,0,20260526,20260601,76
1,1,0,0,0,0,0,20260601,20260602,490
1,1,0,0,0,0,0,20260608,20260609,769
1,1,0,0,0,0,0,20260615,20260616,625
1,1,0,0,0,0,1,20260614,20260616,213
1,1,0,0,0,1,1,20260530,20260602,307
1,1,0,0,1,0,0,20260608,20260612,958
1,1,0,0,1,1,1,20260523,20260613,356
1,1,0,1,0,0,0,20260525,20260528,124
1,1,0,1,0,0,0,20260525,20260528,876
1,1,0,1,0,0,0,20260608,20260622,398
1,1,0,1,1,0,0,20260608,20260622,787
1,1,0,1,1,0,1,20260614,20260621,881
1,1,0,1,1,1,0,20260608,20260613,985
1,1,0,1,1,1,0,20260615,20260622,991
1,1,0,1,1,1,1,20260523,20260529,907
1,1,0,1,1,1,1,20260523,20260622,302
1,1,0,1,1,1,1,20260525,20260611,506
1,1,0,1,1,1,1,20260614,20260621,282
1,1,1,0,0,0,0,20260524,20260610,439
1,1,1,0,0,0,0,20260525,20260527,294
1,1,1,0,0,0,0,20260526,20260610,114
1,1,1,0,0,0,0,20260601,20260603,543
1,1,1,0,0,0,0,20260601,20260613,563
1,1,1,0,0,0,0,20260602,20260609,347
1,1,1,0,0,0,0,20260602,20260611,454
1,1,1,0,0,0,0,20260602,20260612,369
1,1,1,0,0,0,0,20260603,20260617,854
1,1,1,0,0,0,0,20260608,20260610,34
1,1,1,0,0,0,0,20260608,20260610,894
1,1,1,0,0,0,0,20260608,20260617,866
1,1,1,0,0,0,0,20260615,20260617,159
1,1,1,0,0,0,0,20260615,20260622,475
1,1,1,0,0,0,1,20260523,20260527,759
1,1,1,0,0,0,1,20260524,20260527,104
1,1,1,0,0,0,1,20260524,20260603,80
1,1,1,0,0,0,1,20260531,20260603,297
1,1,1,0,0,0,1,20260607,20260610,177
1,1,1,0,0,0,1,20260614,20260617,193
1,1,1,0,0,0,1,20260614,20260622,462
1,1,1,0,0,0,1,20260615,20260621,450
1,1,1,0,0,1,0,20260523,20260527,619
1,1,1,0,0,1,0,20260530,20260603,386
1,1,1,0,0,1,0,20260601,20260606,363
1,1,1,0,0,1,1,20260523,20260527,318
1,1,1,0,0,1,1,20260524,20260610,603
1,1,1,0,0,1,1,20260530,20260603,339
1,1,1,0,1,0,0,20260525,20260529,233
1,1,1,0,1,0,0,20260601,20260605,111
1,1,1,0,1,0,0,20260601,20260605,705
1,1,1,0,1,0,0,20260601,20260608,738
1,1,1,0,1,0,0,20260602,20260608,571
1,1,1,0,1,0,0,20260602,20260611,800
1,1,1,0,1,0,0,20260602,20260612,862
1,1,1,0,1,0,0,20260602,20260613,410
1,1,1,0,1,0,0,20260603,20260612,751
1,1,1,0,1,0,0,20260608,20260612,546
1,1,1,0,1,0,1,20260602,20260611,416
1,1,1,0,1,0,1,20260614,20260621,582
1,1,1,0,1,0,1,20260614,20260622,249
1,1,1,0,1,0,1,20260619,20260622,728
1,1,1,0,1,1,0,20260601,20260613,815
1,1,1,0,1,1,0,20260608,20260613,442
1,1,1,0,1,1,0,20260609,20260613,348
1,1,1,0,1,1,0,20260615,20260622,57
1,1,1,0,1,1,1,20260523,20260613,362
1,1,1,0,1,1,1,20260523,20260622,142
1,1,1,0,1,1,1,20260525,20260608,214
1,1,1,0,1,1,1,20260529,20260603,900
1,1,1,0,1,1,1,20260530,20260607,960
1,1,1,0,1,1,1,20260609,20260620,724
1,1,1,0,1,1,1,20260614,20260622,755
1,1,1,1,0,0,0,20260524,20260622,273
1,1,1,1,0,0,0,20260525,20260528,194
1,1,1,1,0,0,0,20260525,20260611,647
1,1,1,1,0,0,0,20260525,20260622,326
1,1,1,1,0,0,0,20260525,20260622,732
1,1,1,1,0,0,0,20260525,20260622,772
1,1,1,1,0,0,0,20260526,20260608,645
1,1,1,1,0,0,0,20260526,20260622,152
1,1,1,1,0,0,0,20260526,20260622,18
1,1,1,1,0,0,0,20260526,20260622,74
1,1,1,1,0,0,0,20260527,20260622,641
1,1,1,1,0,0,0,20260528,20260622,562
1,1,1,1,0,0,0,20260601,20260604,155
1,1,1,1,0,0,0,20260601,20260611,451
1,1,1,1,0,0,0,20260602,20260622,591
1,1,1,1,0,0,0,20260604,20260610,379
1,1,1,1,0,0,0,20260608,20260611,407
1,1,1,1,0,0,0,20260608,20260622,858
1,1,1,1,0,0,0,20260608,20260622,89
1,1,1,1,0,0,0,20260609,20260611,837
1,1,1,1,0,0,0,20260609,20260618,59
1,1,1,1,0,0,0,20260609,20260622,300
1,1,1,1,0,0,0,20260609,20260622,656
1,1,1,1,0,0,0,20260614,20260622,443
1,1,1,1,0,0,0,20260615,20260618,825
1,1,1,1,0,0,0,20260615,20260622,133
1,1,1,1,0,0,0,20260616,20260622,36
1,1,1,1,0,0,1,20260523,20260528,564
1,1,1,1,0,0,1,20260523,20260619,654
1,1,1,1,0,0,1,20260524,20260528,946
1,1,1,1,0,0,1,20260524,20260622,721
1,1,1,1,0,0,1,20260526,20260622,11
1,1,1,1,0,0,1,20260605,20260611,693
1,1,1,1,0,0,1,20260607,20260611,534
1,1,1,1,0,0,1,20260608,20260611,722
1,1,1,1,0,0,1,20260614,20260618,904
1,1,1,1,0,0,1,20260614,20260621,725
1,1,1,1,0,0,1,20260614,20260622,353
1,1,1,1,0,0,1,20260615,20260622,181
1,1,1,1,0,0,1,20260618,20260622,923
1,1,1,1,0,1,0,20260602,20260610,878
1,1,1,1,0,1,0,20260608,20260622,399
1,1,1,1,0,1,0,20260615,20260622,219
1,1,1,1,0,1,1,20260523,20260528,92
1,1,1,1,0,1,1,20260523,20260613,352
1,1,1,1,0,1,1,20260523,20260613,733
1,1,1,1,0,1,1,20260601,20260608,445
1,1,1,1,0,1,1,20260602,20260610,492
1,1,1,1,0,1,1,20260614,20260620,295
1,1,1,1,0,1,1,20260614,20260621,927
1,1,1,1,0,1,1,20260614,20260622,650
1,1,1,1,0,1,1,20260615,20260622,374
1,1,1,1,1,0,0,20260523,20260612,102
1,1,1,1,1,0,0,20260523,20260613,417
1,1,1,1,1,0,0,20260525,20260529,107
1,1,1,1,1,0,0,20260525,20260531,879
1,1,1,1,1,0,0,20260525,20260612,380
1,1,1,1,1,0,0,20260525,20260612,813
1,1,1,1,1,0,0,20260525,20260612,856
1,1,1,1,1,0,0,20260525,20260622,328
1,1,1,1,1,0,0,20260525,20260622,783
1,1,1,1,1,0,0,20260526,20260602,31
1,1,1,1,1,0,0,20260526,20260611,116
1,1,1,1,1,0,0,20260526,20260612,122
1,1,1,1,1,0,0,20260526,20260612,303
1,1,1,1,1,0,0,20260526,20260612,978
1,1,1,1,1,0,0,20260526,20260613,285
1,1,1,1,1,0,0,20260526,20260619,261
1,1,1,1,1,0,0,20260526,20260619,936
1,1,1,1,1,0,0,20260526,20260622,1002
1,1,1,1,1,0,0,20260526,20260622,151
1,1,1,1,1,0,0,20260526,20260622,253
1,1,1,1,1,0,0,20260526,20260622,310
1,1,1,1,1,0,0,20260526,20260622,331
1,1,1,1,1,0,0,20260526,20260622,621
1,1,1,1,1,0,0,20260526,20260622,726
1,1,1,1,1,0,0,20260526,20260622,760
1,1,1,1,1,0,0,20260526,20260622,86
1,1,1,1,1,0,0,20260527,20260622,999
1,1,1,1,1,0,0,20260528,20260622,280
1,1,1,1,1,0,0,20260601,20260605,134
1,1,1,1,1,0,0,20260601,20260608,517
1,1,1,1,1,0,0,20260601,20260612,237
1,1,1,1,1,0,0,20260601,20260613,597
1,1,1,1,1,0,0,20260601,20260622,583
1,1,1,1,1,0,0,20260602,20260613,699
1,1,1,1,1,0,0,20260602,20260622,283
1,1,1,1,1,0,0,20260603,20260622,658
1,1,1,1,1,0,0,20260603,20260622,969
1,1,1,1,1,0,0,20260605,20260612,438
1,1,1,1,1,0,0,20260605,20260618,711
1,1,1,1,1,0,0,20260605,20260619,131
1,1,1,1,1,0,0,20260608,20260612,154
1,1,1,1,1,0,0,20260608,20260619,429
1,1,1,1,1,0,0,20260608,20260622,108
1,1,1,1,1,0,0,20260608,20260622,149
1,1,1,1,1,0,0,20260608,20260622,465
1,1,1,1,1,0,0,20260608,20260622,920
1,1,1,1,1,0,0,20260609,20260612,200
1,1,1,1,1,0,0,20260609,20260622,46
1,1,1,1,1,0,0,20260609,20260622,698
1,1,1,1,1,0,0,20260609,20260622,713
1,1,1,1,1,0,0,20260609,20260622,833
1,1,1,1,1,0,0,20260609,20260622,982
1,1,1,1,1,0,0,20260610,20260622,39
1,1,1,1,1,0,0,20260611,20260622,3
1,1,1,1,1,0,0,20260612,20260622,810
1,1,1,1,1,0,0,20260613,20260622,100
1,1,1,1,1,0,0,20260614,20260622,723
1,1,1,1,1,0,0,20260615,20260619,69
1,1,1,1,1,0,0,20260615,20260622,773
1,1,1,1,1,0,0,20260615,20260622,901
1,1,1,1,1,0,0,20260615,20260622,949
1,1,1,1,1,0,0,20260616,20260622,54
1,1,1,1,1,0,0,20260616,20260622,928
1,1,1,1,1,0,0,20260618,20260622,817
1,1,1,1,1,0,0,20260618,20260622,972
1,1,1,1,1,0,0,20260619,20260622,198
1,1,1,1,1,0,0,20260619,20260622,910
1,1,1,1,1,0,1,20260523,20260529,308
1,1,1,1,1,0,1,20260523,20260529,488
1,1,1,1,1,0,1,20260523,20260602,867
1,1,1,1,1,0,1,20260523,20260611,689
1,1,1,1,1,0,1,20260524,20260529,143
1,1,1,1,1,0,1,20260524,20260612,498
1,1,1,1,1,0,1,20260524,20260612,90
1,1,1,1,1,0,1,20260524,20260622,201
1,1,1,1,1,0,1,20260524,20260622,265
1,1,1,1,1,0,1,20260524,20260622,286
1,1,1,1,1,0,1,20260525,20260611,667
1,1,1,1,1,0,1,20260525,20260612,391
1,1,1,1,1,0,1,20260525,20260619,678
1,1,1,1,1,0,1,20260525,20260622,589
1,1,1,1,1,0,1,20260525,20260622,609
1,1,1,1,1,0,1,20260525,20260622,796
1,1,1,1,1,0,1,20260525,20260622,814
1,1,1,1,1,0,1,20260525,20260622,890
1,1,1,1,1,0,1,20260526,20260612,112
1,1,1,1,1,0,1,20260526,20260622,905
1,1,1,1,1,0,1,20260601,20260608,329
1,1,1,1,1,0,1,20260602,20260612,485
1,1,1,1,1,0,1,20260603,20260622,428
1,1,1,1,1,0,1,20260605,20260611,393
1,1,1,1,1,0,1,20260607,20260612,604
1,1,1,1,1,0,1,20260608,20260622,707
1,1,1,1,1,0,1,20260609,20260622,118
1,1,1,1,1,0,1,20260613,20260622,670
1,1,1,1,1,0,1,20260614,20260619,674
1,1,1,1,1,0,1,20260614,20260621,997
1,1,1,1,1,0,1,20260614,20260622,875
1,1,1,1,1,0,1,20260615,20260622,888
1,1,1,1,1,0,1,20260616,20260622,655
1,1,1,1,1,0,1,20260619,20260622,897
1,1,1,1,1,1,0,20260523,20260529,831
1,1,1,1,1,1,0,20260523,20260610,137
1,1,1,1,1,1,0,20260523,20260613,313
1,1,1,1,1,1,0,20260523,20260613,636
1,1,1,1,1,1,0,20260523,20260613,643
1,1,1,1,1,1,0,20260523,20260613,684
1,1,1,1,1,1,0,20260523,20260613,826
1,1,1,1,1,1,0,20260523,20260622,243
1,1,1,1,1,1,0,20260523,20260622,366
1,1,1,1,1,1,0,20260523,20260622,419
1,1,1,1,1,1,0,20260523,20260622,441
1,1,1,1,1,1,0,20260523,20260622,532
1,1,1,1,1,1,0,20260523,20260622,871
1,1,1,1,1,1,0,20260523,20260622,954
1,1,1,1,1,1,0,20260525,20260531,387
1,1,1,1,1,1,0,20260525,20260531,668
1,1,1,1,1,1,0,20260525,20260613,765
1,1,1,1,1,1,0,20260525,20260622,61
1,1,1,1,1,1,0,20260526,20260613,98
1,1,1,1,1,1,0,20260526,20260613,996
1,1,1,1,1,1,0,20260526,20260622,291
1,1,1,1,1,1,0,20260526,20260622,50
1,1,1,1,1,1,0,20260526,20260622,587
1,1,1,1,1,1,0,20260526,20260622,891
1,1,1,1,1,1,0,20260530,20260605,966
1,1,1,1,1,1,0,20260530,20260606,255
1,1,1,1,1,1,0,20260601,20260606,892
1,1,1,1,1,1,0,20260605,20260611,466
1,1,1,1,1,1,0,20260606,20260622,816
1,1,1,1,1,1,0,20260608,20260613,478
1,1,1,1,1,1,0,20260608,20260613,565
1,1,1,1,1,1,0,20260608,20260613,77
1,1,1,1,1,1,0,20260608,20260620,190
1,1,1,1,1,1,0,20260608,20260622,164
1,1,1,1,1,1,0,20260609,20260613,696
1,1,1,1,1,1,0,20260609,20260613,947
1,1,1,1,1,1,0,20260610,20260613,802
1,1,1,1,1,1,0,20260615,20260620,736
1,1,1,1,1,1,0,20260615,20260622,349
1,1,1,1,1,1,0,20260616,20260622,210
1,1,1,1,1,1,0,20260618,20260622,700
1,1,1,1,1,1,0,20260619,20260620,319
1,1,1,1,1,1,1,20260523,20260529,592
1,1,1,1,1,1,1,20260523,20260530,659
1,1,1,1,1,1,1,20260523,20260531,632
1,1,1,1,1,1,1,20260523,20260601,750
1,1,1,1,1,1,1,20260523,20260604,708
1,1,1,1,1,1,1,20260523,20260605,376
1,1,1,1,1,1,1,20260523,20260606,774
1,1,1,1,1,1,1,20260523,20260607,941
1,1,1,1,1,1,1,20260523,20260608,184
1,1,1,1,1,1,1,20260523,20260611,576
1,1,1,1,1,1,1,20260523,20260611,799
1,1,1,1,1,1,1,20260523,20260611,922
1,1,1,1,1,1,1,20260523,20260612,220
1,1,1,1,1,1,1,20260523,20260612,436
1,1,1,1,1,1,1,20260523,20260612,459
1,1,1,1,1,1,1,20260523,20260612,463
1,1,1,1,1,1,1,20260523,20260612,577
1,1,1,1,1,1,1,20260523,20260612,598
1,1,1,1,1,1,1,20260523,20260613,125
1,1,1,1,1,1,1,20260523,20260613,129
1,1,1,1,1,1,1,20260523,20260613,156
1,1,1,1,1,1,1,20260523,20260613,30
1,1,1,1,1,1,1,20260523,20260613,332
1,1,1,1,1,1,1,20260523,20260613,390
1,1,1,1,1,1,1,20260523,20260613,4
1,1,1,1,1,1,1,20260523,20260613,557
1,1,1,1,1,1,1,20260523,20260613,606
1,1,1,1,1,1,1,20260523,20260613,839
1,1,1,1,1,1,1,20260523,20260613,945
1,1,1,1,1,1,1,20260523,20260613,975
1,1,1,1,1,1,1,20260523,20260620,70
1,1,1,1,1,1,1,20260523,20260620,844
1,1,1,1,1,1,1,20260523,20260622,115
1,1,1,1,1,1,1,20260523,20260622,117
1,1,1,1,1,1,1,20260523,20260622,225
1,1,1,1,1,1,1,20260523,20260622,269
1,1,1,1,1,1,1,20260523,20260622,314
1,1,1,1,1,1,1,20260523,20260622,315
1,1,1,1,1,1,1,20260523,20260622,354
1,1,1,1,1,1,1,20260523,20260622,382
1,1,1,1,1,1,1,20260523,20260622,394
1,1,1,1,1,1,1,20260523,20260622,474
1,1,1,1,1,1,1,20260523,20260622,476
1,1,1,1,1,1,1,20260523,20260622,531
1,1,1,1,1,1,1,20260523,20260622,542
1,1,1,1,1,1,1,20260523,20260622,58
1,1,1,1,1,1,1,20260523,20260622,594
1,1,1,1,1,1,1,20260523,20260622,595
1,1,1,1,1,1,1,20260523,20260622,605
1,1,1,1,1,1,1,20260523,20260622,616
1,1,1,1,1,1,1,20260523,20260622,620
1,1,1,1,1,1,1,20260523,20260622,629
1,1,1,1,1,1,1,20260523,20260622,639
1,1,1,1,1,1,1,20260523,20260622,727
1,1,1,1,1,1,1,20260523,20260622,778
1,1,1,1,1,1,1,20260523,20260622,827
1,1,1,1,1,1,1,20260523,20260622,84
1,1,1,1,1,1,1,20260523,20260622,870
1,1,1,1,1,1,1,20260523,20260622,915
1,1,1,1,1,1,1,20260524,20260530,93
1,1,1,1,1,1,1,20260524,20260606,172
1,1,1,1,1,1,1,20260524,20260612,103
1,1,1,1,1,1,1,20260524,20260613,1005
1,1,1,1,1,1,1,20260524,20260622,578
1,1,1,1,1,1,1,20260525,20260531,13
1,1,1,1,1,1,1,20260525,20260607,916
1,1,1,1,1,1,1,20260525,20260608,344
1,1,1,1,1,1,1,20260525,20260611,346
1,1,1,1,1,1,1,20260525,20260611,767
1,1,1,1,1,1,1,20260525,20260613,401
1,1,1,1,1,1,1,20260525,20260613,491
1,1,1,1,1,1,1,20260525,20260620,289
1,1,1,1,1,1,1,20260525,20260620,361
1,1,1,1,1,1,1,20260525,20260621,460
1,1,1,1,1,1,1,20260525,20260622,651
1,1,1,1,1,1,1,20260525,20260622,72
1,1,1,1,1,1,1,20260525,20260622,784
1,1,1,1,1,1,1,20260525,20260622,956
1,1,1,1,1,1,1,20260526,20260604,10
1,1,1,1,1,1,1,20260526,20260613,528
1,1,1,1,1,1,1,20260526,20260622,515
1,1,1,1,1,1,1,20260526,20260622,675
1,1,1,1,1,1,1,20260529,20260622,804
1,1,1,1,1,1,1,20260530,20260607,121
1,1,1,1,1,1,1,20260530,20260622,48
1,1,1,1,1,1,1,20260530,20260622,944
1,1,1,1,1,1,1,20260531,20260606,342
1,1,1,1,1,1,1,20260531,20260608,929
1,1,1,1,1,1,1,20260531,20260613,296
1,1,1,1,1,1,1,20260601,20260607,96
1,1,1,1,1,1,1,20260601,20260608,309
1,1,1,1,1,1,1,20260601,20260620,8
1,1,1,1,1,1,1,20260601,20260622,113
1,1,1,1,1,1,1,20260601,20260622,719
1,1,1,1,1,1,1,20260601,20260622,818
1,1,1,1,1,1,1,20260602,20260622,266
1,1,1,1,1,1,1,20260602,20260622,579
1,1,1,1,1,1,1,20260603,20260613,497
1,1,1,1,1,1,1,20260603,20260622,551
1,1,1,1,1,1,1,20260603,20260622,65
1,1,1,1,1,1,1,20260604,20260611,652
1,1,1,1,1,1,1,20260605,20260611,146
1,1,1,1,1,1,1,20260605,20260612,320
1,1,1,1,1,1,1,20260605,20260613,230
1,1,1,1,1,1,1,20260606,20260612,932
1,1,1,1,1,1,1,20260606,20260613,739
1,1,1,1,1,1,1,20260606,20260622,6
1,1,1,1,1,1,1,20260607,20260613,242
1,1,1,1,1,1,1,20260608,20260622,581
1,1,1,1,1,1,1,20260609,20260620,127
1,1,1,1,1,1,1,20260609,20260622,1004
1,1,1,1,1,1,1,20260609,20260622,40
1,1,1,1,1,1,1,20260613,20260620,792
1,1,1,1,1,1,1,20260613,20260621,47
1,1,1,1,1,1,1,20260613,20260622,426
1,1,1,1,1,1,1,20260613,20260622,740
1,1,1,1,1,1,1,20260614,20260620,185
1,1,1,1,1,1,1,20260614,20260621,704
1,1,1,1,1,1,1,20260614,20260622,170
1,1,1,1,1,1,1,20260615,20260621,547
1,1,1,1,1,1,1,20260615,20260622,570
1,1,1,1,1,1,1,20260618,20260622,196
