route_id,service_id,trip_id
1,128,1016868
1,128,1429937
1,134,72043
1,149,1043978
1,149,1377937
1,223,37746
1,32,1655221
1,389,1607477
1,510,527411
1,510,919848
1,535,1015792
1,55,1300115
1,55,1585139
1,702,607724
1,835,217091
1,952,418371
1,952,949328
1,992,1248822
10,1,1122443
10,106,1080825
10,119,1283024
10,133,676829
10,144,107036
10,147,1387546
10,15,436951
10,151,1299534
10,153,1012868
10,170,1191745
10,170,1531392
10,170,1577286
10,170,551526
10,170,676262
10,170,732935
10,170,859185
10,170,884489
10,170,933634
10,170,957970
10,170,97605
10,189,894000
10,195,1088055
10,195,1133756
10,195,428309
10,196,1402680
10,196,761250
10,200,1609925
10,200,351938
10,202,1515713
10,202,1571308
10,202,350370
10,202,543219
10,212,628970
10,212,685449
10,22,974583
10,231,1209446
10,231,1444623
10,231,1451046
10,231,1504262
10,231,174199
10,231,486192
10,231,689446
10,231,718382
10,231,735874
10,231,912415
10,244,1268485
10,244,1331782
10,244,486780
10,248,1101280
10,268,1415018
10,268,1520987
10,268,709121
10,303,1032810
10,321,1272763
10,324,1013275
10,324,1037298
10,324,1230093
10,324,1316556
10,324,1423203
10,324,1425335
10,324,402939
10,324,410830
10,324,500332
10,324,532134
10,324,63068
10,324,650123
10,324,699784
10,324,767029
10,324,904024
10,324,939113
10,324,953581
10,324,989511
10,324,992332
10,331,35792
10,341,1236156
10,348,1415620
10,349,1242609
10,349,316640
10,349,816990
10,357,11162
10,358,93371
10,360,1182377
10,363,388880
10,366,294127
10,377,1205973
10,389,591221
10,389,991282
10,404,138878
10,404,1442456
10,404,1577172
10,410,1163950
10,411,1238256
10,413,1553924
10,426,1274555
10,426,1444789
10,431,1382919
10,431,1447565
10,431,1528511
10,431,303867
10,431,405489
10,431,742397
10,464,149388
10,490,1122420
10,490,1661055
10,490,678404
10,501,24752
10,501,259804
10,501,436457
10,501,762583
10,503,1193434
10,503,1251370
10,503,1449834
10,503,1492957
10,503,63820
10,503,799301
10,507,1276945
10,507,1411164
10,507,841201
10,510,1021509
10,510,992091
10,523,1198923
10,523,179369
10,524,1360568
10,524,1387440
10,524,740849
10,524,841431
10,535,1074430
10,535,1475389
10,535,1481530
10,535,1654844
10,535,17967
10,535,198998
10,535,232429
10,535,368456
10,535,400609
10,535,711796
10,535,87844
10,535,949963
10,538,1302272
10,544,120750
10,544,137155
10,545,69168
10,548,1081578
10,548,1561471
10,548,534384
10,554,980035
10,560,1140066
10,560,776587
10,566,1134547
10,566,1144152
10,566,1408187
10,569,1634448
10,596,98138
10,615,1229964
10,617,1249691
10,623,588302
10,625,1219526
10,633,511564
10,633,868847
10,64,1578026
10,64,835077
10,640,1398912
10,640,393469
10,646,1211557
10,662,649634
10,665,1378622
10,665,257820
10,665,65928
10,696,1257043
10,706,487657
10,706,514135
10,714,499471
10,714,614537
10,722,812568
10,737,1085158
10,737,1429117
10,737,1566484
10,741,1174898
10,741,1179426
10,741,1501729
10,741,1598946
10,741,181283
10,741,248122
10,741,29804
10,741,325476
10,742,124588
10,748,1493956
10,748,37411
10,748,599304
10,749,914050
10,753,1053515
10,753,1111764
10,753,1239893
10,753,1261550
10,753,1449160
10,753,1594505
10,753,264781
10,753,35673
10,753,463294
10,753,492192
10,753,90157
10,753,959847
10,758,852517
10,772,33912
10,773,1196399
10,773,1305389
10,773,130948
10,773,1369837
10,773,286735
10,782,538205
10,785,1289554
10,786,76356
10,794,1474797
10,794,421916
10,803,1030184
10,803,215593
10,803,457589
10,803,749713
10,803,750951
10,817,351101
10,824,1443989
10,83,1321311
10,83,357352
10,835,395475
10,835,459708
10,841,1463746
10,849,1060862
10,85,1638564
10,863,185048
10,863,520050
10,891,188611
10,910,645876
10,911,40358
10,918,1155946
10,918,136066
10,923,1379645
10,925,581171
10,951,1653341
10,951,365141
10,951,615420
10,957,238991
10,967,902777
10,970,582423
10,972,798205
10,982,155886
11,154,1027031
11,154,1542890
11,167,294001
11,167,774474
11,170,1101683
11,170,1379940
11,170,243297
11,170,78270
11,185,1374460
11,190,441185
11,190,772428
11,195,827510
11,223,1067195
11,223,1276729
11,223,1341191
11,223,1449185
11,223,727007
11,231,1228486
11,231,390677
11,231,798772
11,231,891296
11,248,975570
11,255,1036317
11,255,932526
11,256,288613
11,268,1249650
11,276,652308
11,290,503437
11,290,553674
11,324,1008907
11,324,117728
11,324,1355651
11,324,149829
11,324,218678
11,324,248476
11,324,595187
11,324,661742
11,324,67563
11,324,798104
11,324,868351
11,34,1606625
11,345,1429273
11,345,325794
11,349,1462847
11,409,1440915
11,41,1089792
11,41,1327025
11,41,234899
11,41,587534
11,41,869644
11,425,531104
11,429,1422350
11,431,1277883
11,442,1461128
11,478,1076958
11,478,1185570
11,478,1294003
11,478,139507
11,478,1408519
11,478,1465828
11,478,197182
11,5,1599849
11,501,1097086
11,501,129786
11,501,166238
11,524,873434
11,535,1216151
11,535,298076
11,535,303247
11,535,485760
11,535,68831
11,535,709461
11,543,1416630
11,543,1456062
11,548,1468738
11,55,1586818
11,566,1551541
11,60,523419
11,600,998531
11,615,1092299
11,615,1270485
11,630,744395
11,646,514055
11,66,494001
11,704,1462310
11,704,1539851
11,704,418620
11,704,480072
11,704,760058
11,704,93282
11,704,999852
11,718,224391
11,720,287236
11,748,1318254
11,748,13202
11,753,1129937
11,753,1438460
11,754,807420
11,766,1303219
11,782,936430
11,803,1069860
11,803,1073445
11,828,1277387
11,828,16094
11,828,223290
11,828,258940
11,828,475125
11,828,556256
11,828,661960
11,828,870216
11,828,905294
11,835,1057798
11,835,404346
11,835,820590
11,835,901363
11,861,615996
11,911,1335762
11,960,1648484
11,960,646701
11,967,132934
11,967,423132
11,985,963051
12,107,1525492
12,107,338786
12,107,670345
12,107,890515
12,231,1283774
12,231,1302056
12,231,808244
12,389,1149296
12,389,1272609
12,389,337241
12,389,981937
12,404,18950
12,404,404081
12,404,501640
12,415,481924
12,501,563008
12,535,1088416
12,535,1223793
12,619,1052609
12,646,266713
12,646,542550
12,756,1226113
12,831,1022774
12,943,1562361
13,128,323571
13,153,1111494
13,153,1130700
13,153,1144151
13,153,1524216
13,153,1576972
13,153,1607085
13,153,206152
13,162,317254
13,163,808813
13,189,1151776
13,189,1205979
13,189,253368
13,189,727551
13,189,773412
13,189,777439
13,192,729848
13,205,1126654
13,205,1579002
13,212,916081
13,223,1408463
13,226,441609
13,231,1076587
13,231,428223
13,231,488493
13,231,630672
13,231,922475
13,244,1567194
13,244,406393
13,248,988386
13,256,1451943
13,274,1306900
13,274,1344175
13,274,1537761
13,274,1546100
13,274,685738
13,274,834175
13,275,1149789
13,305,459257
13,31,305166
13,31,799840
13,324,1269735
13,324,1409046
13,324,1618761
13,324,39271
13,324,701456
13,34,533206
13,389,1074578
13,389,1175519
13,389,1181632
13,389,1238588
13,389,1320850
13,389,1402366
13,389,1411956
13,389,710823
13,395,146054
13,404,1287272
13,404,484329
13,405,1325099
13,415,541209
13,428,1533587
13,428,808469
13,430,714775
13,430,936104
13,431,1411809
13,431,420404
13,435,400506
13,444,677470
13,45,829765
13,467,1082382
13,489,126101
13,490,1502700
13,490,74550
13,494,1217879
13,501,1363989
13,501,1367860
13,501,984339
13,507,1099904
13,51,984702
13,510,945829
13,535,1314734
13,535,1368471
13,535,144857
13,535,303638
13,535,330432
13,535,394651
13,535,766101
13,551,1320533
13,552,813600
13,552,86185
13,560,884270
13,627,1184501
13,627,1232158
13,634,264732
13,635,1275187
13,646,1204107
13,646,1291213
13,646,1647233
13,646,337953
13,65,1644282
13,658,492985
13,69,550144
13,692,1248641
13,751,1287375
13,756,1175613
13,773,474370
13,828,794505
13,829,452894
13,835,1255686
13,835,1284676
13,835,1426041
13,835,1467698
13,835,1664545
13,835,564313
13,835,572834
13,835,745385
13,835,745826
13,835,812415
13,835,833624
13,835,920075
13,835,921823
13,854,148808
13,855,1276369
13,867,876137
13,908,1591574
13,911,178375
13,911,760956
13,911,78990
13,926,104730
13,926,1199150
13,926,1485160
13,926,1505464
13,926,491725
13,926,540368
13,926,612212
13,930,41086
13,943,1161979
13,943,613812
13,952,1034156
13,952,1159900
13,952,1202540
13,952,35893
13,967,615089
13,969,1147534
13,969,1426270
13,969,208170
13,969,25644
13,969,363673
13,969,385403
13,969,62919
13,969,830152
13,969,935907
13,970,1495351
13,970,689635
13,970,876660
14,100,246194
14,117,1049460
14,117,1071106
14,153,538384
14,211,769707
14,294,901636
14,297,1638412
14,427,440478
14,463,582736
14,501,310262
14,501,721316
14,511,352206
14,578,1010940
14,578,950351
14,58,587930
14,624,1084532
14,671,1183855
14,727,350795
14,741,1560698
14,75,1059662
15,117,1028285
15,117,656431
15,117,730943
15,117,796520
15,122,133881
15,122,289224
15,122,519338
15,122,87219
15,170,1179119
15,170,485344
15,170,507766
15,170,600392
15,212,1105656
15,244,1187704
15,281,1177121
15,313,17605
15,324,755536
15,349,1649937
15,357,1282057
15,378,1252297
15,382,1008161
15,391,1535337
15,396,137676
15,409,1510876
15,409,580067
15,490,730547
15,514,1376527
15,514,1604759
15,531,1425962
15,532,839018
15,544,549238
15,560,872143
15,57,1095540
15,62,1652210
15,643,662069
15,643,726656
15,674,1118730
15,674,1235752
15,674,1508884
15,674,1598905
15,674,308171
15,674,430678
15,674,606605
15,674,743623
15,674,997957
15,69,1607156
15,69,915711
15,741,195545
15,785,731359
15,945,1015134
15,945,1150937
15,945,1316161
15,945,1457443
15,945,163279
15,945,497357
15,945,696964
15,945,755379
15,945,893887
15,97,1050526
15,971,778305
16,128,386272
16,135,1515125
16,136,503813
16,136,940644
16,158,186172
16,170,1383390
16,170,1587083
16,170,336500
16,170,371884
16,170,595784
16,170,753695
16,170,757117
16,170,792207
16,170,893089
16,170,906331
16,170,974535
16,202,1289353
16,209,1661795
16,220,591885
16,223,947242
16,230,1613315
16,230,90268
16,231,1483414
16,231,507401
16,231,873945
16,231,913882
16,254,1252681
16,264,141715
16,267,830621
16,285,880852
16,301,1512794
16,308,431579
16,340,1221967
16,389,1168343
16,409,868991
16,418,1347246
16,453,320481
16,478,1112018
16,478,1132016
16,478,1428177
16,478,717805
16,493,643532
16,506,428589
16,507,967485
16,524,1440931
16,535,1103023
16,535,1110564
16,535,1422467
16,535,220112
16,535,303003
16,535,36605
16,535,644712
16,535,828951
16,535,871713
16,597,1564734
16,637,355884
16,646,639742
16,646,980425
16,651,1593756
16,651,323985
16,671,1313731
16,673,200486
16,748,1024404
16,748,32126
16,754,1264118
16,765,464922
16,771,428107
16,844,14066
16,855,1211004
16,855,1476605
16,911,1277506
16,911,63033
16,945,652911
16,946,278822
16,952,633259
16,981,489568
17,151,1591870
17,151,441766
17,189,780816
17,218,1473147
17,218,575927
17,244,687309
17,250,170719
17,250,53050
17,345,1339786
17,345,1455599
17,389,142352
17,389,1632075
17,389,22726
17,389,678352
17,535,1515651
17,535,537463
17,606,1609819
17,606,42564
17,620,1434968
17,639,1275535
17,71,1126791
17,845,1484837
17,845,54116
17,875,905388
17,888,597397
17,892,1000283
18,1006,468357
18,1006,662437
18,13,257880
18,135,1015504
18,135,1452506
18,135,594263
18,185,1326373
18,185,476125
18,22,1573775
18,22,395968
18,244,191631
18,275,1486704
18,309,176111
18,309,462946
18,309,644411
18,309,867033
18,324,366756
18,409,1018149
18,409,1046666
18,409,11230
18,409,114199
18,409,1288372
18,409,63670
18,494,320777
18,544,1574650
18,544,784311
18,734,246712
18,801,623200
18,860,1356824
18,860,776157
19,12,1186428
19,137,836593
19,231,899782
19,330,1087159
19,467,170964
19,492,733202
19,617,1078568
19,825,1457192
19,904,1243068
19,939,1422511
2,10,244039
2,117,179091
2,170,1107147
2,170,1222536
2,170,131064
2,170,1543809
2,170,2303
2,170,365540
2,170,701914
2,170,711240
2,170,882848
2,170,947115
2,172,486812
2,184,1121242
2,184,710270
2,194,266223
2,2,1216838
2,213,238973
2,231,1142700
2,244,1242783
2,244,1582935
2,244,409733
2,296,1418714
2,320,1318596
2,320,1657620
2,323,993869
2,324,1111859
2,330,1384133
2,342,1333890
2,501,1071412
2,501,459093
2,537,1560002
2,570,1385855
2,570,207453
2,570,860041
2,570,895285
2,604,1413367
2,604,1440598
2,604,241573
2,604,247017
2,646,852678
2,659,1513833
2,659,863726
2,659,99323
2,708,271935
2,748,1013812
2,748,1084114
2,748,1375029
2,748,196340
2,748,237166
2,748,436098
2,774,1496145
2,798,709562
2,798,802200
2,798,886391
2,868,579644
2,892,1544875
2,929,823323
2,93,823302
2,945,1602262
2,945,547150
2,945,611211
2,945,718501
20,125,1138262
20,125,1201152
20,125,1386955
20,125,1395436
20,125,1695
20,125,757508
20,161,1273634
20,196,1030884
20,196,129469
20,196,1398810
20,196,1569301
20,196,330519
20,196,445108
20,196,930968
20,231,1447291
20,231,364175
20,231,538006
20,231,789875
20,231,825388
20,231,951779
20,303,197131
20,324,1042904
20,324,1178650
20,324,1215837
20,324,1219763
20,324,1241592
20,324,1326973
20,324,133787
20,324,1392105
20,324,147610
20,324,149674
20,324,1649069
20,324,1661166
20,324,2245
20,324,586186
20,324,871250
20,420,1158421
20,501,145433
20,507,1156649
20,507,120844
20,507,1270840
20,507,72653
20,528,1617514
20,528,588638
20,528,759104
20,528,830926
20,538,97950
20,587,1253629
20,595,974093
20,700,959197
20,726,887784
20,728,415584
20,817,1331999
20,817,1556569
20,817,174259
20,817,544712
20,98,1069306
21,330,1217500
21,330,733552
21,605,1186205
21,605,258152
21,798,1420663
21,798,383668
22,11,959979
22,117,1209362
22,142,697674
22,197,710613
22,243,1279372
22,244,235163
22,269,1052505
22,269,107305
22,269,1615537
22,275,457636
22,28,1276459
22,291,374579
22,314,322904
22,38,348938
22,389,1019833
22,389,1055843
22,389,1295261
22,389,1394973
22,389,1404795
22,389,1502405
22,389,1634777
22,389,204126
22,389,691576
22,389,718697
22,389,898406
22,389,911926
22,439,1643418
22,449,1205724
22,474,122490
22,501,1120177
22,515,1038954
22,515,1397175
22,515,1662120
22,515,525245
22,515,911510
22,515,974990
22,558,1059385
22,560,911950
22,821,59538
22,827,1314540
22,830,960885
22,911,1037376
22,911,164979
22,952,127246
22,952,1503514
22,952,1533566
22,952,818644
22,952,851066
22,952,972989
23,117,1154836
23,117,1278001
23,117,1307246
23,117,1312859
23,117,1561961
23,117,686019
23,117,705679
23,189,303362
23,357,1433572
23,490,1396734
23,490,616155
23,532,210733
23,532,429817
23,544,638702
23,572,193282
23,594,1115155
23,594,1433333
23,775,1120745
23,775,983809
23,814,493091
23,955,512322
24,122,1203859
24,122,151709
24,122,262201
24,122,744244
24,221,1596659
24,221,45481
24,231,1618193
24,231,847037
24,244,998438
24,514,451884
24,514,546810
24,674,15136
24,674,268029
24,674,878495
24,69,229502
24,884,1495799
24,884,1564666
24,884,626932
24,884,939765
25,105,293990
25,107,1493088
25,121,1296330
25,128,1207081
25,128,1642426
25,128,71020
25,128,969525
25,136,686109
25,136,950276
25,139,602724
25,154,1328238
25,160,1362268
25,164,474296
25,170,1029966
25,170,1077034
25,170,128616
25,170,1339511
25,170,1380733
25,170,1433443
25,170,1455891
25,170,1633459
25,170,1655510
25,170,743032
25,178,1570630
25,189,760618
25,209,397449
25,209,58479
25,212,239242
25,212,313294
25,212,391345
25,212,407611
25,212,559886
25,212,567995
25,212,80189
25,22,1161211
25,22,1215324
25,22,1492638
25,22,1503109
25,22,780385
25,223,336074
25,223,364214
25,223,679007
25,231,1484279
25,231,1662636
25,231,33678
25,231,359534
25,231,784682
25,244,1228914
25,244,1542766
25,244,1624356
25,244,351463
25,244,773680
25,248,532469
25,256,1565609
25,256,1582790
25,256,622889
25,259,1534173
25,262,726718
25,268,1034879
25,268,1192612
25,268,185094
25,268,554692
25,268,951984
25,275,1375105
25,275,61436
25,275,972398
25,276,1574251
25,294,1030123
25,298,200439
25,32,82471
25,321,1271851
25,321,343476
25,324,1161189
25,324,1171741
25,324,1184649
25,324,1198969
25,324,133984
25,324,170537
25,324,366747
25,324,430497
25,324,447112
25,324,449214
25,324,501188
25,324,68100
25,330,1170566
25,345,1436899
25,345,204625
25,345,519396
25,349,623727
25,351,1650894
25,352,1234733
25,381,1137906
25,383,98033
25,388,334948
25,389,1009597
25,389,1486242
25,389,1576960
25,389,64709
25,389,731668
25,389,910197
25,392,81682
25,403,1127069
25,404,1530680
25,404,309096
25,404,720829
25,404,932815
25,41,1025063
25,41,1219706
25,41,249020
25,41,581985
25,41,621316
25,41,661471
25,41,837403
25,41,926502
25,431,783770
25,435,1502034
25,442,471473
25,446,421998
25,470,1226952
25,470,821572
25,478,1026414
25,478,1105448
25,478,1119404
25,478,1139471
25,478,114056
25,478,1147020
25,478,182623
25,478,197938
25,478,254396
25,478,266214
25,490,503676
25,494,81159
25,494,903653
25,501,183098
25,507,895251
25,510,1530081
25,510,92431
25,520,152296
25,535,103032
25,535,1081843
25,535,1260346
25,535,1270088
25,535,1279267
25,535,1327586
25,535,1606136
25,535,200596
25,535,509317
25,535,558020
25,535,581261
25,535,618701
25,535,646969
25,537,1363547
25,537,836842
25,537,925067
25,537,927355
25,544,1611571
25,544,484101
25,545,753975
25,548,1218908
25,548,467785
25,548,795552
25,548,797774
25,548,983356
25,560,1220710
25,560,639092
25,560,826578
25,570,1393573
25,570,205418
25,570,726074
25,585,319297
25,593,1123355
25,611,729152
25,615,1055895
25,617,1537817
25,617,998858
25,627,1081714
25,633,1073409
25,633,418616
25,633,477630
25,644,1440409
25,646,1431682
25,646,1585494
25,646,5840
25,646,67200
25,646,859971
25,660,242390
25,671,1575222
25,671,683535
25,702,124118
25,704,255299
25,710,199770
25,718,1464256
25,718,990912
25,725,1307456
25,731,1292516
25,731,1513500
25,731,1640849
25,731,192754
25,731,559692
25,731,694015
25,737,1165312
25,737,1240093
25,737,1320458
25,737,1459312
25,737,1480188
25,741,1139254
25,741,1573844
25,741,392935
25,741,547232
25,748,279496
25,748,830236
25,748,980358
25,756,1363775
25,756,1661324
25,756,247224
25,756,890456
25,782,1375612
25,782,238809
25,782,442489
25,782,585146
25,785,1245294
25,785,1335079
25,785,1426454
25,785,450635
25,785,63445
25,789,681497
25,798,1644865
25,803,135684
25,803,827906
25,81,962918
25,82,1469187
25,820,1040698
25,820,1385961
25,824,1414581
25,824,705542
25,824,983913
25,828,1301950
25,828,1302408
25,828,1365089
25,828,154619
25,828,474684
25,828,908316
25,835,1177326
25,835,1220117
25,835,1496970
25,835,201352
25,835,21927
25,835,60415
25,835,791725
25,863,714042
25,896,1039341
25,911,1477700
25,911,1531044
25,911,375219
25,911,445426
25,911,509913
25,911,517521
25,911,552372
25,911,788350
25,943,1615127
25,943,1623187
25,943,679371
25,943,847237
25,948,89588
25,952,1264853
25,958,794842
25,96,628119
25,967,1095687
25,967,1536793
25,967,73295
25,967,827801
25,99,1219408
26,189,1240903
26,189,1361626
26,244,1222560
26,349,781275
26,494,908003
26,501,659362
26,535,1127779
26,535,1416634
26,535,579683
26,535,902220
26,572,1116880
26,572,579771
26,609,1121243
26,686,1499247
26,773,1652656
26,933,899358
26,999,1454614
27,170,1195093
27,170,1248038
27,170,1307159
27,170,1500841
27,324,359170
27,324,538230
27,324,73581
27,324,997074
27,478,17259
27,478,810390
27,557,822595
27,557,906633
27,91,1249819
27,91,1358125
28,1005,1210133
28,1005,178384
28,1005,313420
28,170,157849
28,170,1646892
28,170,17918
28,170,591992
28,170,75202
28,170,805336
28,501,1153370
28,501,1302621
28,501,1404232
28,945,343862
28,945,464377
28,945,574864
29,131,158055
29,145,1115047
29,145,1139725
29,145,213096
29,145,516491
29,145,794553
29,153,1008577
29,153,1269691
29,153,1406742
29,153,1419004
29,153,1424848
29,153,581466
29,189,1265630
29,189,885325
29,231,1629754
29,231,952192
29,244,110304
29,244,1139885
29,244,1516634
29,244,309171
29,274,221007
29,312,108919
29,312,295487
29,324,1227446
29,334,1085268
29,334,242333
29,334,967453
29,345,106062
29,359,1271643
29,383,1009376
29,383,543414
29,383,890299
29,383,911367
29,389,1175035
29,389,1594500
29,389,237174
29,39,14666
29,404,345375
29,404,593601
29,404,753016
29,404,981720
29,438,1140133
29,438,1425351
29,438,235052
29,438,357499
29,494,1384556
29,501,356916
29,501,564977
29,501,699626
29,501,797340
29,510,1038855
29,510,285383
29,513,1081647
29,513,1160551
29,535,1607858
29,535,1617001
29,535,499159
29,535,518060
29,535,556351
29,545,945208
29,552,293354
29,602,838453
29,711,1418774
29,737,1053158
29,737,1507525
29,737,697215
29,737,952832
29,737,979348
29,741,1622046
29,824,1056565
29,825,101118
29,825,1094069
29,825,335418
29,825,437307
29,828,1586530
29,835,1069703
29,835,1220927
29,835,1558816
29,835,5127
29,835,579152
29,835,924581
29,893,288599
29,913,1364059
29,913,528582
29,913,821217
29,926,1293876
29,926,1586529
29,926,637685
29,970,48785
29,982,509086
3,107,1655760
3,117,1011788
3,117,570686
3,121,1196866
3,121,1366547
3,122,1442717
3,128,1395018
3,128,956656
3,129,1309397
3,136,991808
3,143,89348
3,153,701878
3,154,775341
3,163,1518337
3,17,1662754
3,170,1234819
3,170,1251543
3,170,195376
3,170,636237
3,170,992415
3,189,1323818
3,189,1356164
3,189,727216
3,193,875
3,194,1506451
3,212,1066799
3,212,1282510
3,212,1488442
3,212,55338
3,231,1307451
3,231,31378
3,244,1006876
3,244,1084608
3,244,784780
3,244,989357
3,253,1013227
3,255,182026
3,266,835394
3,268,192006
3,275,1173927
3,281,1325185
3,287,1082505
3,298,435026
3,298,984434
3,302,152719
3,317,842368
3,321,399303
3,321,410885
3,321,9493
3,324,540074
3,324,836892
3,330,1288888
3,330,180770
3,330,205121
3,330,726998
3,332,380794
3,34,288591
3,349,1193659
3,349,4793
3,378,841376
3,386,674935
3,389,1598233
3,389,369896
3,396,1045275
3,4,1384917
3,4,220082
3,402,717324
3,404,102189
3,404,1096032
3,404,1211226
3,404,1354931
3,404,358728
3,409,1368106
3,409,268708
3,409,868972
3,415,1370307
3,467,777588
3,478,1569533
3,478,1610084
3,478,1656293
3,478,559459
3,48,1511696
3,484,1159402
3,501,611653
3,510,288105
3,514,1013197
3,535,1526254
3,535,83324
3,537,1533256
3,537,29297
3,544,708398
3,545,559085
3,545,675466
3,548,316221
3,560,886929
3,570,1617517
3,570,476686
3,579,1603118
3,581,1454347
3,581,731428
3,592,41719
3,597,921966
3,612,188751
3,616,371936
3,617,403155
3,633,1215167
3,643,1337863
3,643,1505936
3,646,578157
3,646,692429
3,646,835092
3,648,1244021
3,648,897378
3,665,1498494
3,674,1252824
3,674,1256966
3,674,1341316
3,674,1358684
3,674,1401824
3,674,1656077
3,674,245067
3,674,40995
3,674,43544
3,674,904325
3,674,91280
3,678,550432
3,69,1615273
3,731,111926
3,756,910326
3,785,479947
3,814,1430946
3,828,829482
3,831,1663165
3,831,36382
3,835,432845
3,835,908385
3,845,1298583
3,884,1093544
3,884,1140498
3,884,14783
3,884,27169
3,884,444543
3,884,50168
3,884,597152
3,884,751355
3,884,752109
3,884,982926
3,899,1087191
3,9,629410
3,911,657119
3,936,120944
3,943,1066979
3,943,848383
3,943,875673
3,944,610778
3,945,1017908
3,945,1564629
3,945,209902
3,945,211463
3,945,413721
3,945,42390
3,945,655547
3,945,902771
3,96,1026765
3,967,28111
3,970,1633367
3,971,229401
30,115,1014626
30,115,1451718
30,115,1621004
30,117,1619949
30,153,1195733
30,244,1019139
30,244,102776
30,244,1324689
30,244,138274
30,244,1412675
30,244,1513709
30,244,28255
30,244,420689
30,244,472715
30,244,711070
30,244,768574
30,244,860094
30,514,852201
30,535,1165146
30,535,1287919
30,535,341802
30,535,789733
30,535,82699
30,570,1023470
30,570,1133817
30,570,1592299
30,570,254495
30,570,331206
30,570,40553
30,570,459039
30,609,312095
30,61,889919
30,686,259699
30,773,671000
30,945,626195
31,1006,1081440
31,1006,767786
31,113,1442816
31,155,268329
31,170,1504288
31,34,316164
31,478,1201279
31,747,1160086
31,773,894720
31,935,1189567
31,952,109718
31,952,1289266
31,96,1462176
32,117,175764
32,170,303542
32,32,1082108
32,32,923623
32,330,1100505
32,409,1116252
32,496,1037507
32,584,1128455
32,617,1375964
32,617,1512780
32,637,1573204
32,878,1223814
32,945,628912
33,109,1589373
33,123,215233
33,128,1014245
33,128,1117495
33,128,1455383
33,128,307304
33,128,48387
33,128,930351
33,141,1159948
33,145,1508203
33,15,1441350
33,153,1214792
33,168,1576262
33,169,307984
33,189,1062397
33,189,1216484
33,189,1621778
33,195,1266993
33,195,884496
33,202,577567
33,212,1123778
33,212,378612
33,212,760978
33,23,565100
33,231,377976
33,231,873955
33,231,874043
33,260,88836
33,27,801373
33,277,133208
33,324,1128189
33,324,1253058
33,324,1488085
33,324,447878
33,324,630462
33,324,664249
33,330,1085452
33,330,1256561
33,345,1049568
33,345,1172366
33,345,125475
33,345,130695
33,345,1385363
33,345,1536092
33,345,330968
33,345,377342
33,349,354474
33,389,25177
33,420,1663594
33,433,1285546
33,47,986822
33,501,1412556
33,501,465463
33,503,1583723
33,507,714261
33,510,1084879
33,510,1204017
33,510,1614943
33,510,270311
33,510,362279
33,516,1104016
33,535,766545
33,537,1354138
33,537,199314
33,537,269494
33,537,679327
33,537,903750
33,548,1285361
33,548,1361194
33,548,1601530
33,55,147540
33,55,1518628
33,55,1643549
33,55,429330
33,55,646904
33,571,927578
33,614,1154901
33,627,1650811
33,627,166397
33,627,466840
33,646,1438111
33,646,979411
33,653,844618
33,69,1270476
33,691,1532598
33,729,1086570
33,729,896852
33,731,739530
33,741,1045625
33,741,1073767
33,741,1334215
33,741,1367424
33,741,683038
33,760,1092198
33,773,1031210
33,773,1272960
33,773,1646778
33,773,363290
33,777,1104062
33,788,546910
33,828,804950
33,832,524570
33,835,1074154
33,853,1524901
33,864,822759
33,869,1638878
33,875,1574426
33,875,61173
33,875,840436
33,888,1319466
33,898,77525
33,901,1630003
33,911,385687
33,943,522138
33,952,1212423
33,952,971777
33,986,1212939
33,986,343530
33,987,1200439
34,145,830092
34,154,397287
34,28,945817
34,307,546590
34,324,1586543
34,339,1015898
34,339,1170016
34,339,1426526
34,339,1465087
34,339,282311
34,339,351074
34,339,637599
34,339,743311
34,339,79322
34,339,875567
34,339,895607
34,349,991990
34,389,1123856
34,402,573520
34,490,1040908
34,494,772316
34,521,924053
34,543,501085
34,548,1447927
34,548,1623977
34,592,1105039
34,592,1118067
34,592,1243059
34,592,1544666
34,592,1657339
34,592,270945
34,592,317869
34,592,669631
34,592,770536
34,592,810664
34,592,825096
34,592,865458
34,652,57641
34,739,1344458
34,739,269896
34,739,290291
34,739,45449
34,739,484558
34,739,536965
34,739,552951
34,739,566189
34,739,650480
34,739,802958
34,739,857442
34,739,907581
34,739,911596
34,744,1105259
34,753,1008995
34,753,1061792
34,753,1219047
34,753,1256944
34,753,1398549
34,753,173557
34,753,488228
34,753,512531
34,753,965304
34,753,999212
34,766,1202657
34,80,584655
34,825,808192
34,828,1244218
34,828,1276629
34,828,1437073
34,828,1471571
34,828,312066
34,828,530637
34,835,1494573
34,835,835844
34,887,971421
34,896,1015185
34,896,120668
34,896,1216827
34,896,1420953
34,896,467635
34,896,60863
34,900,574936
34,904,1008640
34,904,1031186
34,904,1329235
34,904,1489349
34,904,1538733
34,904,1585878
34,904,293267
34,904,396441
34,904,517817
34,904,557121
34,904,820137
34,904,885015
34,904,914351
34,904,970757
34,907,503228
34,919,498047
34,919,647158
34,953,1000970
34,953,1010914
34,953,1160772
34,953,1434270
34,953,21769
34,953,293825
34,953,318162
34,953,372063
34,966,1421244
34,967,1194021
34,967,1441692
35,106,1656091
35,134,279638
35,155,623306
35,548,1436882
35,644,1458313
36,110,1211354
36,111,1441449
36,117,1003660
36,117,1056852
36,117,1059463
36,117,1082745
36,117,1127162
36,117,1202930
36,117,1208073
36,117,1321342
36,117,1475221
36,117,152197
36,117,1595133
36,117,162594
36,117,19048
36,117,192340
36,117,235680
36,117,264508
36,117,332150
36,117,350497
36,117,392343
36,117,476157
36,117,53251
36,117,575039
36,117,716382
36,117,781754
36,117,861907
36,117,951810
36,170,1201549
36,170,1565125
36,200,1588306
36,253,1025078
36,253,10969
36,253,120854
36,253,1350299
36,253,707529
36,409,1164864
36,419,11779
36,419,506401
36,484,1401231
36,484,1602013
36,484,469608
36,535,727493
36,535,747550
36,654,375131
36,693,1051194
36,760,1104488
36,776,1009871
36,945,1535140
36,945,790107
36,959,221186
36,994,988417
37,124,1381585
37,126,7591
37,128,1444694
37,128,1585543
37,128,169110
37,128,379491
37,128,792778
37,128,927824
37,135,146692
37,154,122301
37,154,1233209
37,165,1104343
37,189,1165352
37,189,1400012
37,189,1500311
37,189,1600606
37,189,210508
37,189,277372
37,189,350754
37,189,445383
37,189,447637
37,189,453378
37,189,908406
37,194,1092029
37,194,1440301
37,194,861763
37,200,971251
37,209,1042484
37,212,290565
37,212,771725
37,223,508375
37,223,535633
37,223,739004
37,229,372378
37,231,1344511
37,231,145497
37,231,602297
37,244,175708
37,246,126289
37,249,138345
37,275,321661
37,275,952948
37,305,1031954
37,32,265419
37,321,1214375
37,321,128924
37,324,1157960
37,324,1539109
37,337,155274
37,345,1146098
37,345,1229841
37,345,1248786
37,345,1346999
37,345,1466408
37,345,474541
37,345,748720
37,349,1282766
37,385,1037935
37,389,1109761
37,389,1133219
37,389,1204562
37,389,1566384
37,389,1578874
37,389,1596272
37,389,405652
37,389,494976
37,389,514295
37,389,723379
37,389,796387
37,389,951264
37,392,1049369
37,392,1181166
37,392,1348673
37,392,208310
37,392,326942
37,392,568626
37,392,684291
37,402,1437053
37,402,670971
37,404,1358341
37,407,747103
37,415,1063249
37,415,491968
37,452,1064046
37,462,1336788
37,467,1203335
37,467,739716
37,469,407773
37,475,1565889
37,478,1642772
37,478,21036
37,478,332493
37,478,42681
37,478,667673
37,478,746403
37,478,782571
37,478,965699
37,489,1316003
37,494,715685
37,510,1447955
37,526,1248555
37,535,1150518
37,535,1348132
37,535,1599549
37,535,280246
37,535,311244
37,535,586274
37,535,636017
37,535,739347
37,535,765297
37,535,894069
37,535,95528
37,537,629266
37,540,1279902
37,544,1230987
37,544,1497791
37,544,75700
37,548,1099688
37,548,133911
37,550,274400
37,560,759598
37,566,426436
37,585,1089867
37,592,1319274
37,592,458854
37,592,541871
37,592,751033
37,592,963946
37,614,835679
37,615,1218868
37,617,1021547
37,617,60244
37,633,1114361
37,633,1389030
37,646,1106224
37,646,143356
37,646,1487317
37,646,1491467
37,646,1619986
37,646,448162
37,665,661152
37,669,681301
37,696,1078637
37,702,929769
37,705,284772
37,71,1061375
37,71,1317280
37,71,650751
37,715,1411619
37,725,1235796
37,731,1296241
37,731,59040
37,731,953281
37,737,1554083
37,737,545608
37,739,852611
37,741,1412912
37,741,296502
37,748,1605309
37,748,620081
37,748,865175
37,753,1430072
37,753,288071
37,756,1196707
37,759,1288506
37,773,59154
37,782,271989
37,782,566800
37,785,602662
37,785,804095
37,785,987961
37,803,620521
37,803,955932
37,816,679097
37,822,1067651
37,824,1191290
37,825,406083
37,828,1018903
37,828,159529
37,831,80067
37,835,1101956
37,835,1190204
37,835,1236481
37,835,1419055
37,835,1612231
37,835,348875
37,835,476663
37,835,943718
37,835,990149
37,863,1222669
37,868,157917
37,868,255505
37,875,1061733
37,875,1154331
37,875,1162269
37,875,1173253
37,875,1180505
37,875,1581431
37,875,392532
37,875,571513
37,875,952768
37,888,1453511
37,888,173985
37,888,67289
37,888,968199
37,911,599648
37,911,601401
37,911,778389
37,911,929849
37,921,1640899
37,943,927845
37,952,133872
37,952,1386464
37,952,1425184
37,952,379504
37,952,684784
37,973,1238726
37,992,632438
37,992,645193
37,992,762412
37,992,805371
38,117,1006661
38,117,1599583
38,117,358965
38,117,433888
38,117,956602
38,170,1227262
38,189,515626
38,189,551743
38,282,879899
38,478,220023
38,483,1468502
38,694,1356583
38,709,352390
38,804,984184
38,92,1082607
38,941,1199806
38,945,183853
39,935,1317774
4,1001,84539
4,133,1186631
4,133,358096
4,133,698921
4,133,74544
4,148,617047
4,152,1052320
4,155,303498
4,156,495499
4,18,809812
4,207,1166901
4,207,1225414
4,207,646463
4,207,842804
4,223,1066397
4,228,105889
4,231,1108698
4,231,1188509
4,231,1360668
4,231,1401916
4,231,213970
4,231,246857
4,231,38403
4,231,589109
4,231,59279
4,231,613326
4,244,1225476
4,244,1426787
4,244,1608064
4,244,448440
4,244,574924
4,244,593973
4,245,893264
4,248,1161039
4,248,1328216
4,248,788404
4,248,880241
4,253,1305264
4,274,640898
4,278,1517235
4,278,1535464
4,278,460027
4,278,472580
4,278,502149
4,290,184330
4,317,1647900
4,32,1116112
4,324,1038932
4,324,1525710
4,324,169032
4,324,203833
4,324,238906
4,324,306306
4,324,436412
4,324,508892
4,324,525924
4,324,734869
4,324,861162
4,389,1126337
4,389,1174404
4,389,1237058
4,389,1271333
4,389,1334537
4,389,1464037
4,389,216555
4,389,390199
4,389,400618
4,389,562165
4,389,667936
4,389,869830
4,404,1650848
4,404,653556
4,404,957151
4,42,187686
4,44,1154539
4,44,1453585
4,44,1480352
4,443,1057376
4,443,1158382
4,443,1253652
4,443,1281724
4,443,237891
4,443,719758
4,464,1528194
4,464,51298
4,467,1394664
4,495,728441
4,498,1061180
4,501,291929
4,501,723080
4,502,761514
4,522,895472
4,525,1344053
4,530,1131609
4,530,1148969
4,530,209523
4,530,94323
4,535,1204666
4,535,1219828
4,535,1394001
4,535,1405244
4,535,1473404
4,535,1523024
4,535,1585006
4,535,293141
4,535,296964
4,535,352113
4,535,605024
4,538,454073
4,552,1627277
4,562,467911
4,573,513138
4,574,401942
4,581,1137151
4,59,764982
4,591,1071086
4,591,158547
4,591,1636695
4,591,658489
4,599,571286
4,627,397943
4,641,432235
4,646,1300509
4,646,328504
4,686,1043822
4,732,1284075
4,74,1292630
4,74,1418296
4,74,328510
4,74,681666
4,74,881226
4,743,642186
4,76,245109
4,761,1216100
4,761,565806
4,761,79208
4,779,883718
4,812,1268274
4,826,1525588
4,828,1638738
4,856,376737
4,86,63223
4,871,1119284
4,911,1147291
4,911,115026
4,94,1011180
4,943,1465760
4,952,1316192
4,952,1651583
4,952,203198
4,952,566350
4,952,824035
4,975,1424545
4,975,304746
4,995,1475040
40,244,1144870
40,244,286364
40,244,357416
40,244,400954
40,244,893196
40,570,1190355
40,570,1293064
40,570,1420680
40,570,1660524
40,570,330389
40,570,363910
41,122,1194859
41,122,140264
41,122,1527435
41,122,1553333
41,122,243844
41,122,260732
41,122,443013
41,122,539245
41,122,611995
41,122,620283
41,122,672748
41,122,720845
41,122,898027
41,134,1563687
41,189,1099618
41,189,131752
41,189,645900
41,195,1072406
41,195,628244
41,200,8433
41,324,79690
41,433,1574065
41,433,835036
41,434,249955
41,507,1045094
41,507,1199400
41,507,1256699
41,507,1322195
41,507,1556947
41,507,1592990
41,507,1634100
41,507,18189
41,507,239806
41,507,353708
41,507,442361
41,507,774964
41,510,270034
41,523,251964
41,524,1258742
41,524,1324746
41,524,1357770
41,524,1426476
41,524,1643758
41,524,224339
41,524,36339
41,524,374753
41,524,573859
41,524,679949
41,524,900576
41,524,942303
41,572,707940
41,67,854987
41,773,1059192
41,773,1112405
41,773,1175978
41,773,1304218
41,773,1416563
41,773,158512
41,773,183179
41,773,196130
41,773,333059
41,773,578317
41,773,586524
41,773,668187
41,773,757383
41,773,971972
41,986,1189604
41,986,1203593
41,986,1236150
41,986,1271657
41,986,1428170
41,986,1645114
41,986,364491
41,986,441783
41,986,488230
41,986,587047
41,986,783434
41,986,871001
42,149,138655
42,189,532330
42,212,793841
42,223,1380765
42,223,280515
42,223,92207
42,283,462364
42,283,562578
42,3,934812
42,32,363953
42,34,1329015
42,404,660152
42,501,1376790
42,510,623733
42,535,1657335
42,535,414683
42,535,682479
42,535,906649
42,646,1313827
42,741,479587
42,748,1537734
42,911,1197427
42,943,79887
42,992,514706
42,992,572044
43,101,1118303
43,116,823786
43,140,1269830
43,146,1664179
43,150,919626
43,153,1481260
43,163,261376
43,163,714689
43,163,959375
43,178,1214329
43,189,107108
43,189,1146413
43,189,1414325
43,189,436414
43,189,559736
43,189,70878
43,223,395717
43,225,960239
43,235,1338764
43,235,450336
43,244,1639808
43,244,658035
43,244,768309
43,268,1575488
43,268,1626822
43,316,1206755
43,324,1074447
43,324,153152
43,324,182141
43,324,294622
43,324,317638
43,324,32388
43,324,784603
43,324,798098
43,327,870333
43,330,1635803
43,330,567371
43,34,1112911
43,353,742587
43,359,569749
43,370,1125307
43,389,101675
43,389,1093058
43,389,1097266
43,389,1219322
43,389,1345360
43,389,402695
43,393,198395
43,393,503161
43,402,112194
43,402,1337719
43,402,177878
43,402,330566
43,416,1297858
43,416,1413476
43,416,657389
43,43,1109846
43,43,1223209
43,43,1287972
43,43,1536638
43,43,278572
43,43,441340
43,431,509023
43,431,804173
43,466,106018
43,505,526226
43,510,1006422
43,510,1211847
43,516,1148629
43,516,1616747
43,516,347656
43,535,149367
43,535,321368
43,535,692320
43,535,906373
43,535,966665
43,537,275995
43,537,297989
43,537,486737
43,537,863545
43,539,1518621
43,539,446575
43,539,7467
43,544,1223844
43,544,372194
43,548,79295
43,549,338957
43,55,38215
43,622,1471344
43,660,534918
43,677,472419
43,687,1348697
43,746,712442
43,748,1128490
43,749,960677
43,773,1043684
43,773,1158418
43,773,882170
43,792,36882
43,793,1634293
43,799,162010
43,800,26529
43,823,447417
43,835,448139
43,835,528987
43,835,937088
43,846,873790
43,863,1511845
43,864,800056
43,872,1176679
43,875,1087248
43,875,351392
43,875,40395
43,875,478811
43,875,612733
43,875,981143
43,880,674744
43,888,1258351
43,888,367704
43,888,621707
43,909,1207806
43,909,1210362
43,909,1648718
43,909,612199
43,911,1535514
43,911,562590
43,934,863168
43,943,972692
44,104,1442830
44,107,1403275
44,107,1595831
44,109,1061075
44,128,1258904
44,128,1599110
44,128,284773
44,128,448599
44,128,767625
44,149,631342
44,149,64618
44,153,227934
44,154,946567
44,189,105036
44,189,322538
44,212,1435645
44,212,1623009
44,212,209530
44,212,594503
44,223,1007746
44,223,86736
44,231,1612465
44,244,283288
44,244,558787
44,26,197552
44,317,104797
44,324,1647713
44,324,562399
44,330,1381400
44,330,826857
44,336,1160235
44,345,1097163
44,345,1360576
44,345,145619
44,345,1613824
44,389,237516
44,389,275352
44,389,603141
44,389,948569
44,404,1126882
44,41,394383
44,501,148817
44,501,1503098
44,510,11099
44,510,115895
44,510,491437
44,510,954720
44,523,233379
44,535,1332131
44,535,665283
44,537,1556402
44,537,199143
44,543,1392927
44,548,1104065
44,548,1576186
44,548,862199
44,55,1104766
44,55,1380502
44,55,1622381
44,560,1512508
44,592,1034311
44,615,373258
44,627,21142
44,627,220616
44,646,365393
44,646,564990
44,646,613502
44,646,948085
44,646,992053
44,69,444757
44,698,101666
44,698,681534
44,707,815983
44,713,1459809
44,731,973234
44,738,450323
44,738,965584
44,741,1322797
44,741,485444
44,756,1387122
44,782,166577
44,803,529888
44,803,79382
44,828,1080690
44,828,1175822
44,834,1613183
44,835,1594865
44,835,393391
44,835,571584
44,835,685722
44,835,83515
44,858,570104
44,862,306849
44,863,142019
44,888,637997
44,911,1601547
44,911,17531
44,943,1191100
44,992,1501781
44,992,1554543
44,992,692915
45,117,1223203
45,117,1601083
45,170,5965
45,170,637924
45,478,930423
45,478,979421
45,941,702975
45,941,944270
46,1,1109428
46,1,1631742
46,1,184126
46,1003,161474
46,1008,1136284
46,133,568341
46,144,58651
46,151,1309031
46,170,1343436
46,170,290436
46,170,397828
46,170,447962
46,170,476310
46,170,650397
46,170,668651
46,170,739882
46,170,792093
46,180,1436455
46,183,407747
46,189,1161692
46,189,493242
46,202,1471448
46,202,1643751
46,202,472202
46,202,60325
46,212,1363722
46,212,929967
46,219,1089460
46,22,1648622
46,223,1366180
46,234,934706
46,235,883803
46,241,287588
46,244,1022259
46,244,1062504
46,244,520634
46,244,89911
46,248,443131
46,268,153647
46,303,780315
46,306,1657500
46,324,222437
46,324,601745
46,349,646434
46,353,1301226
46,353,1314409
46,367,1045873
46,369,1402832
46,400,1051206
46,404,989772
46,420,1255102
46,420,711117
46,420,755026
46,431,1282598
46,431,1613006
46,431,41481
46,431,803578
46,431,83497
46,450,1054580
46,457,1138580
46,457,1236193
46,457,1632283
46,507,1443528
46,507,1449176
46,510,1182078
46,510,231770
46,52,911103
46,535,1166264
46,535,1361439
46,535,433872
46,535,551193
46,535,969887
46,537,1266723
46,544,1292454
46,548,1163155
46,548,1510029
46,548,599215
46,559,1155731
46,559,83529
46,570,1338782
46,570,1646172
46,617,1101208
46,617,731745
46,618,910449
46,644,147266
46,686,174697
46,731,324930
46,731,680178
46,731,84319
46,741,1539965
46,741,252639
46,741,599554
46,741,90323
46,748,43852
46,748,856376
46,749,279024
46,753,1064210
46,753,1481938
46,753,320429
46,758,1574884
46,758,227012
46,769,971230
46,773,285042
46,773,713862
46,773,811055
46,785,1235080
46,79,75715
46,817,954603
46,828,1081766
46,835,562805
46,835,996701
46,863,543308
46,864,1520716
46,883,105094
46,884,737723
46,911,371424
46,921,76524
46,921,796843
46,925,1331273
46,967,1595772
46,967,36683
46,976,534910
47,128,1075104
47,128,110341
47,128,1281542
47,128,1474333
47,128,1501060
47,128,1570569
47,128,1611712
47,128,244337
47,128,293627
47,128,345380
47,128,411521
47,128,460043
47,128,685567
47,128,780560
47,128,869043
47,128,956875
47,157,483630
47,179,459677
47,182,1067294
47,187,24828
47,188,339217
47,188,52975
47,188,664892
47,189,1040407
47,189,1091103
47,189,1152762
47,189,118678
47,189,14645
47,189,157879
47,189,1601315
47,189,1626852
47,189,1628352
47,189,175808
47,189,200251
47,189,347365
47,189,350546
47,189,358064
47,189,469390
47,189,480826
47,189,522109
47,189,540973
47,189,562639
47,189,579784
47,189,603796
47,189,685858
47,189,795510
47,189,836848
47,189,874402
47,189,905617
47,189,915548
47,189,918146
47,189,947309
47,191,808606
47,198,1046856
47,202,511291
47,202,581228
47,202,86732
47,212,1031009
47,212,184312
47,212,31709
47,212,452306
47,212,888324
47,22,1130378
47,22,814376
47,22,85017
47,222,1272489
47,223,1444527
47,223,427819
47,224,120568
47,224,1621026
47,224,296595
47,224,431398
47,224,871453
47,231,1017238
47,231,1093038
47,231,131144
47,231,134600
47,231,1480224
47,231,1542779
47,231,1640217
47,231,16767
47,231,658945
47,231,710589
47,231,889367
47,232,1533759
47,236,757103
47,240,830044
47,244,1645498
47,244,278878
47,244,379566
47,248,511325
47,250,1040872
47,251,1299846
47,262,249138
47,274,401314
47,275,1458726
47,275,1481833
47,275,324955
47,30,536353
47,303,1283162
47,32,1625593
47,32,762342
47,321,317135
47,324,123939
47,324,1300978
47,324,1301721
47,324,1354362
47,324,1380934
47,324,1391065
47,324,369477
47,324,537381
47,324,570005
47,324,599106
47,324,777845
47,324,79386
47,324,885979
47,324,983967
47,325,1581097
47,336,567237
47,34,911998
47,343,1627901
47,345,1285014
47,345,1546372
47,345,628293
47,347,376141
47,353,1252396
47,353,143949
47,358,634481
47,365,212503
47,369,430611
47,369,634647
47,380,473166
47,383,1094741
47,383,1255459
47,383,1573932
47,383,1606821
47,383,730641
47,383,83745
47,389,1019309
47,389,1042751
47,389,107855
47,389,1326921
47,389,1357450
47,389,1411591
47,389,1533204
47,389,1587806
47,389,1624504
47,389,234232
47,389,342105
47,389,573973
47,389,637317
47,389,731094
47,389,836215
47,389,951169
47,404,103711
47,404,1051849
47,404,1071756
47,404,1243674
47,404,170392
47,404,191534
47,409,786835
47,41,58489
47,41,809864
47,435,963450
47,457,1087617
47,457,1093119
47,457,1099433
47,457,1111863
47,457,1126468
47,457,1193099
47,457,1444620
47,457,1530735
47,457,1601383
47,457,1639427
47,457,226049
47,482,411838
47,486,675377
47,494,330173
47,494,545518
47,501,1048759
47,501,1157245
47,501,130786
47,501,175598
47,501,296996
47,501,372244
47,501,611342
47,509,1441816
47,509,165716
47,51,1185427
47,51,1618525
47,51,489295
47,510,276567
47,510,615066
47,510,744417
47,512,1040273
47,516,1106581
47,516,1145760
47,523,376658
47,535,1093821
47,535,1095349
47,535,1392899
47,535,1544195
47,535,376791
47,544,1473010
47,544,840817
47,544,910221
47,545,1367719
47,546,199265
47,548,1640414
47,548,56772
47,548,768123
47,548,848195
47,55,1201317
47,55,1559869
47,563,490943
47,566,1169788
47,566,1327111
47,566,1345380
47,566,1346590
47,566,1426702
47,566,1545739
47,566,1578079
47,566,280345
47,580,546759
47,582,498219
47,617,400469
47,627,1391928
47,627,213874
47,631,1033669
47,631,1308706
47,633,1411208
47,633,793643
47,64,492927
47,640,1248212
47,640,1587474
47,640,477948
47,640,679430
47,642,911138
47,646,101767
47,646,1034686
47,646,1057048
47,646,1073026
47,646,1214679
47,646,1218677
47,646,1283027
47,646,1499938
47,646,1507875
47,646,1565021
47,646,1664397
47,646,206077
47,646,37767
47,646,389482
47,646,415417
47,646,422483
47,646,841733
47,655,252860
47,655,980247
47,679,1247013
47,679,359729
47,679,793272
47,71,1205127
47,714,512777
47,717,1230991
47,730,280725
47,731,1462057
47,731,587843
47,735,316183
47,737,1465813
47,737,347511
47,741,1025656
47,741,1424235
47,741,1442463
47,741,1474890
47,741,1523294
47,741,152932
47,741,630576
47,741,724263
47,741,930849
47,741,959778
47,748,1234423
47,748,303709
47,748,388063
47,748,946774
47,753,1053853
47,753,1190224
47,753,1246806
47,753,1308623
47,756,228308
47,756,324578
47,773,1188238
47,773,34491
47,773,432570
47,773,71793
47,782,308659
47,782,738464
47,785,1047303
47,785,1195560
47,785,791114
47,803,1357892
47,806,708176
47,81,1633697
47,828,1413822
47,828,83665
47,828,866014
47,835,1430902
47,835,1443921
47,835,510666
47,842,1103399
47,845,617046
47,868,1061171
47,868,962080
47,875,1065698
47,875,1103455
47,875,1110049
47,875,1198792
47,875,1202533
47,875,1412471
47,875,1465446
47,875,1508689
47,875,1528003
47,875,1622666
47,875,1629084
47,875,1656167
47,875,339067
47,875,425580
47,875,555876
47,875,73373
47,875,810408
47,875,866045
47,888,244932
47,894,1216063
47,897,1194823
47,910,131499
47,911,116226
47,911,1241321
47,911,1244968
47,911,1364728
47,911,1421421
47,911,1506660
47,911,164307
47,911,42662
47,911,452500
47,911,456377
47,911,54463
47,911,557938
47,911,569481
47,911,76682
47,911,859338
47,911,93171
47,911,976505
47,911,984230
47,923,415935
47,943,1270923
47,943,1470176
47,943,238614
47,943,277717
47,943,404406
47,943,82048
47,947,704379
47,967,570452
47,986,549972
48,114,1620178
48,148,635881
48,189,1593965
48,212,607802
48,274,78777
48,437,189262
48,756,173147
49,133,1649695
49,159,1066481
49,159,675970
49,159,872566
49,170,1027009
49,170,1063328
49,170,122104
49,170,131966
49,170,1374695
49,170,1443042
49,170,1459373
49,170,1460122
49,170,1507051
49,170,1599335
49,170,17944
49,170,29781
49,170,319425
49,170,332941
49,170,342364
49,170,441212
49,170,474733
49,170,489595
49,170,550814
49,170,562363
49,170,566689
49,170,758930
49,170,765692
49,170,781568
49,170,825634
49,170,871946
49,170,895618
49,170,988849
49,177,62559
49,189,1077784
49,189,1364014
49,189,14835
49,199,649643
49,209,1224230
49,209,1482223
49,22,1303658
49,238,1488072
49,244,1506379
49,244,516857
49,244,889997
49,248,1454423
49,248,779487
49,259,414624
49,268,220545
49,268,587682
49,268,794384
49,321,1402122
49,322,1053824
49,324,1095828
49,324,456227
49,324,461342
49,332,729756
49,34,708347
49,34,784938
49,349,1637528
49,349,804196
49,379,386731
49,396,228907
49,408,1246270
49,408,1464340
49,408,751360
49,408,980800
49,409,1528716
49,409,573795
49,462,353929
49,467,148021
49,479,120178
49,481,1662941
49,487,178485
49,490,723806
49,490,996224
49,494,1660537
49,501,424335
49,510,667869
49,526,896555
49,535,1004162
49,535,1060379
49,535,1073868
49,535,1083711
49,535,10922
49,535,1159188
49,535,1178122
49,535,124589
49,535,1342747
49,535,1390317
49,535,1463283
49,535,1468417
49,535,1518029
49,535,1526468
49,535,1529417
49,535,219128
49,535,248291
49,535,276745
49,535,475126
49,535,535055
49,535,649610
49,535,658528
49,535,731797
49,535,746527
49,535,790379
49,535,827629
49,535,835199
49,535,944127
49,537,1176199
49,537,780797
49,543,1180657
49,544,1314920
49,544,1471150
49,544,179280
49,544,55584
49,544,614359
49,545,153139
49,548,568047
49,548,695960
49,548,739817
49,56,1608443
49,560,661026
49,568,1510246
49,631,445837
49,632,1235377
49,636,1302321
49,660,602560
49,671,828421
49,686,968554
49,731,1232058
49,731,1501050
49,731,1643242
49,731,980766
49,737,225661
49,737,533777
49,748,16225
49,748,461119
49,748,579382
49,748,800311
49,749,1322009
49,757,305966
49,773,1057384
49,78,1430316
49,785,1587190
49,785,18290
49,785,723399
49,803,1200585
49,803,970020
49,81,1082293
49,819,1256500
49,835,1181082
49,835,311470
49,835,518067
49,835,55250
49,835,74953
49,835,956990
49,839,112652
49,839,1152335
49,839,1199594
49,839,1271174
49,839,1288215
49,839,1387107
49,839,139758
49,839,1409923
49,839,1435139
49,839,1486125
49,839,1532527
49,839,1544280
49,839,1646113
49,839,314858
49,839,405
49,839,491237
49,839,621042
49,839,754491
49,839,814703
49,839,82962
49,868,371716
49,875,675853
49,917,797203
49,933,936601
49,943,1014149
49,943,1237113
49,945,1030788
49,945,193762
49,945,207416
49,945,444072
49,977,935554
49,988,684213
5,103,1130898
5,103,1550978
5,357,729272
5,404,1263646
5,491,126954
5,501,1340252
5,501,470932
5,501,617300
5,535,1505387
5,535,376777
5,733,1514449
5,748,1360996
5,839,619343
5,945,1135429
5,945,1166843
5,945,1169498
5,945,1186943
5,945,1247027
5,945,1269877
5,945,1363651
5,945,1605597
5,945,29688
5,945,328274
5,945,331152
50,170,108464
50,170,1094727
50,170,1102177
50,170,1254371
50,170,1343340
50,170,250816
50,170,400650
50,170,640659
50,170,70592
50,170,771688
50,170,797551
50,268,1569364
50,338,1273676
50,338,176767
50,477,1021367
50,494,375340
50,497,414128
50,497,751259
50,535,1120233
50,535,1153172
50,535,1570776
50,535,1575673
50,535,1651249
50,535,219903
50,535,230738
50,535,292223
50,535,595262
50,535,922385
50,535,923942
50,537,1328980
50,661,810123
50,755,981756
50,785,136656
50,839,1017302
50,839,1116450
50,839,1128570
50,839,1184324
50,839,143240
50,839,24426
50,839,31752
50,839,435474
50,945,34390
50,967,209242
51,103,238064
51,161,886856
51,170,1321285
51,181,1416763
51,185,1066834
51,185,119864
51,185,1237518
51,185,1435684
51,185,1556584
51,185,1592269
51,185,413691
51,185,413945
51,185,512312
51,185,610024
51,185,968008
51,185,99359
51,189,1212037
51,195,1296363
51,195,208629
51,24,170662
51,244,1012385
51,244,1510880
51,244,37668
51,244,692990
51,268,323402
51,268,525809
51,274,47562
51,295,1127530
51,299,934154
51,324,238119
51,324,975498
51,349,590065
51,388,346366
51,396,207765
51,404,1109265
51,407,565654
51,409,1074421
51,409,1105986
51,409,1123659
51,409,1324791
51,409,1393476
51,409,1422681
51,409,1520069
51,409,1533994
51,409,1560999
51,409,481031
51,409,668465
51,409,920932
51,409,967490
51,417,1107579
51,431,1140080
51,431,1167088
51,431,119447
51,431,1217745
51,431,1290277
51,431,1309957
51,431,1339428
51,431,49819
51,431,513144
51,431,524510
51,431,551979
51,431,817045
51,431,90006
51,433,1289707
51,461,495381
51,501,86583
51,514,1217064
51,516,1601209
51,516,389492
51,523,270467
51,523,510101
51,524,1480490
51,524,1509117
51,524,1519531
51,524,1522135
51,524,303473
51,524,569372
51,524,632778
51,529,1207686
51,529,1333559
51,529,360147
51,529,763007
51,534,928379
51,535,1393036
51,535,142246
51,535,309270
51,544,776617
51,544,908056
51,544,971049
51,548,1023485
51,548,530967
51,560,1655424
51,560,181548
51,590,682548
51,608,1021067
51,627,751945
51,640,1422251
51,644,307901
51,650,147455
51,684,393361
51,686,1148072
51,69,39208
51,71,1589395
51,73,1416369
51,73,1470222
51,73,15457
51,73,939571
51,736,189349
51,741,159035
51,741,897505
51,748,1293624
51,749,1589401
51,750,543157
51,753,109528
51,753,158029
51,753,444646
51,753,730875
51,758,1441937
51,828,1146332
51,828,473099
51,835,144540
51,863,510897
51,863,904958
51,877,1528486
51,879,123805
51,888,262046
51,909,12820
51,911,414379
51,911,491312
51,984,395247
52,107,756644
52,107,873510
52,117,989402
52,128,1125766
52,128,1632605
52,128,18512
52,133,1019061
52,133,797929
52,136,1006989
52,136,1043160
52,136,1271373
52,136,358662
52,136,583258
52,136,887120
52,14,905988
52,149,1422442
52,149,18854
52,153,1329768
52,153,1547637
52,153,475069
52,154,1011171
52,154,1141233
52,154,1255058
52,154,919085
52,159,710329
52,170,1359730
52,170,369883
52,170,428538
52,170,608590
52,194,1492786
52,195,117062
52,209,1406456
52,212,1106509
52,212,147815
52,22,1059161
52,22,1067264
52,223,1028553
52,223,1083765
52,223,1138430
52,223,1181366
52,223,1223187
52,223,1351126
52,231,1026794
52,231,1074976
52,231,1181117
52,231,1218286
52,231,219413
52,231,427834
52,231,69635
52,231,779202
52,231,858837
52,231,977774
52,244,1266651
52,244,77381
52,256,1200910
52,256,857137
52,268,368407
52,268,79794
52,290,1347238
52,290,431925
52,293,169414
52,294,510635
52,294,91889
52,298,1051447
52,317,1068986
52,324,1377165
52,324,54774
52,324,614579
52,324,66804
52,324,674245
52,324,851949
52,330,1095732
52,330,397377
52,330,742971
52,330,795935
52,330,974798
52,349,843271
52,368,1611255
52,379,314110
52,389,1104873
52,389,1406359
52,389,28725
52,389,601985
52,389,880004
52,389,913329
52,389,915361
52,389,9695
52,404,1235633
52,405,942309
52,408,419967
52,467,492676
52,472,721754
52,473,1070715
52,478,1286809
52,478,1352274
52,478,1477307
52,478,243851
52,478,60777
52,478,705752
52,490,1037529
52,490,987829
52,494,1227885
52,494,917653
52,501,1229534
52,510,1537124
52,523,1280922
52,524,1107122
52,524,1282437
52,535,1300283
52,535,1329146
52,535,139524
52,535,1399449
52,535,1424080
52,535,174235
52,535,184044
52,535,313614
52,535,334580
52,535,5148
52,535,522234
52,535,614004
52,535,737682
52,535,77690
52,535,798920
52,535,998124
52,537,1346211
52,537,185332
52,544,1274518
52,544,51273
52,55,415700
52,553,684715
52,560,68092
52,565,188360
52,570,1021049
52,570,1333111
52,570,968006
52,592,1525525
52,592,323553
52,6,169635
52,617,328875
52,646,1511006
52,660,574658
52,660,692261
52,665,1143839
52,665,1294665
52,665,13056
52,665,1327925
52,665,792709
52,671,1073122
52,671,302087
52,685,155257
52,701,13303
52,710,460848
52,716,1597907
52,731,1062760
52,731,831987
52,741,710771
52,748,1025798
52,756,323159
52,756,454818
52,785,466985
52,785,594007
52,785,662828
52,81,1510662
52,828,1049587
52,828,970378
52,835,218715
52,835,720278
52,853,826652
52,903,1633423
52,903,1634258
52,904,424057
52,911,1078076
52,911,119969
52,911,697302
52,919,840946
52,920,104948
52,942,353155
52,943,1048322
52,952,280857
52,952,541029
52,952,81442
52,952,834475
52,953,101078
52,967,529801
52,967,731469
53,244,1262077
53,244,1410212
53,244,201436
53,244,852612
53,244,952331
53,570,1028759
53,570,1178053
53,570,1279744
53,570,1333313
53,570,1626782
53,570,483007
54,117,455588
55,132,1611954
55,223,819052
55,319,1344007
55,355,247806
55,368,1200346
55,368,47233
55,373,34220
55,389,1354565
55,402,1293201
55,404,1196769
55,404,1664498
55,422,1098319
55,424,1562244
55,603,92012
55,663,1132662
55,681,472627
55,703,1458221
55,748,1164737
55,748,1504228
55,754,1325514
55,825,905014
55,866,402444
55,911,1063972
55,952,349415
55,952,749493
55,970,380820
55,980,1635394
56,153,171668
56,244,892535
56,324,634214
56,324,708220
56,421,221613
56,586,1028571
56,873,611828
57,184,1117843
57,184,1185931
57,194,1022463
57,2,1516179
57,244,1143373
57,244,1291083
57,244,1576525
57,330,1203552
57,537,1237597
57,570,1046346
57,570,1243903
57,570,1361621
57,570,337811
57,659,85401
57,748,1416627
57,748,382607
57,748,805745
57,798,1086291
57,798,1144528
57,798,863273
57,868,175547
57,929,442142
58,117,513874
58,153,709845
58,723,1426598
58,945,592161
59,244,1158934
59,331,653055
59,50,142996
59,501,1226904
59,535,1394149
59,535,373231
59,609,654005
59,76,1523112
59,840,1092765
59,840,405618
59,999,233906
6,244,1535189
6,244,632746
6,324,1148653
6,324,957260
6,390,197905
6,404,1082370
6,404,199739
6,741,791631
6,835,54937
6,978,47124
6,989,227981
60,128,1051621
60,128,1194022
60,128,1460847
60,128,1505961
60,128,440300
60,130,1097350
60,145,286732
60,149,1015026
60,153,1351276
60,153,1484567
60,153,1596214
60,153,228640
60,153,457678
60,153,467636
60,153,524732
60,153,883634
60,153,996290
60,163,658237
60,163,743378
60,173,1412791
60,189,13981
60,212,1255188
60,212,446856
60,223,1332466
60,223,411905
60,223,579878
60,231,1545093
60,231,192484
60,231,6280
60,231,878787
60,231,993540
60,233,463326
60,244,1421761
60,248,386462
60,271,1471526
60,275,1271711
60,275,533148
60,324,1601371
60,324,375935
60,324,645979
60,324,724557
60,33,902331
60,330,1444082
60,330,1537002
60,330,443209
60,345,1252153
60,345,1390845
60,345,220526
60,345,753916
60,389,1263120
60,389,1294682
60,389,1320223
60,389,1322657
60,389,1631776
60,389,17440
60,389,250206
60,389,68105
60,389,690070
60,389,696746
60,392,1228892
60,392,1460633
60,392,235967
60,392,860975
60,402,1315568
60,404,131698
60,404,216624
60,407,1055359
60,453,222218
60,46,1396364
60,478,253612
60,478,530737
60,478,736258
60,490,766193
60,494,1149670
60,499,72097
60,501,1287817
60,501,1558520
60,501,358075
60,507,749104
60,510,982740
60,535,1126071
60,535,1225274
60,535,1568768
60,535,1578410
60,535,262344
60,535,35002
60,535,355215
60,535,912861
60,544,206744
60,548,464200
60,548,721591
60,55,134384
60,585,934507
60,586,471429
60,627,1603152
60,631,190199
60,639,291280
60,646,1570039
60,646,235573
60,696,947474
60,710,1328715
60,712,1267010
60,723,121725
60,723,1247116
60,723,1311936
60,723,496158
60,723,549587
60,731,192590
60,731,898700
60,737,1597938
60,748,1433778
60,754,1160604
60,756,1111521
60,766,1439371
60,768,168653
60,773,709832
60,782,752448
60,802,967022
60,803,1145036
60,803,207833
60,81,604276
60,828,978311
60,835,1091485
60,835,1336837
60,835,1400475
60,835,17699
60,835,33353
60,835,547642
60,835,588397
60,845,1616410
60,851,472086
60,859,297852
60,863,440382
60,863,601376
60,876,1151904
60,906,114516
60,911,1168140
60,911,804344
60,937,1371082
60,943,1573962
60,943,539015
60,943,631614
60,952,10571
60,952,1544748
60,952,20484
60,952,446435
60,967,1203823
60,967,80337
60,982,145261
60,992,1323359
60,992,304795
60,992,485340
60,992,649945
61,394,1353169
61,478,1143918
62,409,1338224
62,409,1442372
62,409,1551295
62,409,246361
62,70,124476
62,70,1548113
62,70,181100
62,70,353970
63,112,622421
63,324,1142758
63,324,1525209
63,324,1661253
63,324,541594
63,354,1473945
63,354,1482667
63,532,1258350
63,532,317522
63,852,422728
63,905,1315524
64,153,1262938
64,189,1286972
64,189,316989
64,189,850057
64,212,1320382
64,212,407607
64,22,1470439
64,223,583132
64,248,742610
64,268,1181227
64,321,1300267
64,324,1368215
64,324,1439275
64,324,356497
64,330,1170680
64,345,10249
64,402,635422
64,404,1441146
64,404,1481585
64,404,453626
64,436,874908
64,501,141440
64,501,1424012
64,501,234874
64,535,1002112
64,548,203370
64,646,1182898
64,646,343905
64,646,759248
64,660,1049870
64,671,886611
64,737,1596054
64,745,63111
64,756,453245
64,785,524582
64,815,832367
64,828,1269708
64,835,1222805
64,835,327227
64,835,534213
64,875,1587841
64,875,416385
64,888,1459534
64,911,1081648
64,911,1225427
64,911,522948
64,911,908276
64,931,902990
64,943,42142
64,996,1472013
65,170,1013947
65,170,1241162
65,170,551323
65,170,647873
66,211,1655170
66,58,207069
66,727,847376
67,1000,985166
67,110,243295
67,117,1514032
67,117,665612
67,117,97976
67,148,45194
67,174,1537420
67,174,227037
67,175,1521712
67,217,335125
67,253,1082586
67,253,1098765
67,253,1435331
67,253,174275
67,253,214943
67,253,400372
67,253,436810
67,253,581386
67,253,810006
67,269,1030579
67,269,1126438
67,269,1165402
67,269,659903
67,273,1586650
67,310,1617419
67,326,599517
67,383,1228592
67,389,1037365
67,389,1257604
67,389,1463736
67,389,1590609
67,389,730523
67,389,933985
67,451,694008
67,451,804680
67,468,1655536
67,468,816662
67,508,1219148
67,508,1235367
67,508,1528770
67,518,1338923
67,518,226444
67,519,1290872
67,519,782870
67,535,254502
67,541,511743
67,541,561173
67,542,1157734
67,542,942637
67,548,1141946
67,548,299271
67,560,587865
67,560,981181
67,573,1204179
67,646,1052253
67,646,1158788
67,646,1419927
67,646,1472514
67,646,218060
67,646,516958
67,646,678049
67,654,1583951
67,683,1382338
67,695,383909
67,695,752357
67,702,150768
67,760,1390043
67,778,1521416
67,778,1665221
67,778,556201
67,778,963996
67,781,1143418
67,781,1286481
67,791,923787
67,808,20107
67,840,1574108
67,853,406507
67,889,1472723
67,889,1619989
67,911,1184414
67,911,1456510
67,928,351265
67,928,990097
67,935,668106
67,938,1560977
67,952,434234
67,955,164312
68,105,1343567
68,106,1451581
68,106,765424
68,108,524498
68,128,1101443
68,128,1185851
68,128,1266043
68,128,242277
68,128,312773
68,128,335556
68,128,37964
68,128,680005
68,128,847866
68,128,866128
68,136,249162
68,145,811094
68,149,1389130
68,153,1003017
68,153,1385737
68,153,842258
68,154,318591
68,154,535331
68,159,970462
68,164,1501139
68,170,283476
68,176,1034608
68,189,1142306
68,189,998115
68,208,1062105
68,21,1365780
68,223,1077992
68,223,1238857
68,223,1364658
68,223,1472265
68,223,277579
68,231,818775
68,244,132876
68,244,884892
68,248,1294205
68,248,1564503
68,256,560752
68,256,948604
68,267,334120
68,293,543991
68,294,212986
68,294,60426
68,300,716652
68,305,817253
68,32,1568766
68,32,1661963
68,32,552424
68,32,750254
68,32,84723
68,324,1240677
68,330,1006359
68,330,1230473
68,330,1359347
68,330,1405416
68,330,1427279
68,330,1445408
68,330,578819
68,330,959239
68,345,1032614
68,345,1038018
68,383,522271
68,389,1123991
68,389,1228316
68,389,1255909
68,389,1289347
68,389,1295220
68,389,1366996
68,389,441898
68,389,777378
68,389,961143
68,389,977672
68,398,70109
68,399,1145954
68,402,29197
68,407,1236768
68,408,960666
68,448,1150227
68,458,476206
68,465,1353998
68,470,1291100
68,471,1169265
68,478,1446832
68,478,850908
68,478,999286
68,490,535028
68,494,628929
68,501,1083057
68,501,32401
68,510,171545
68,510,457419
68,510,781796
68,535,1133026
68,535,1144138
68,535,1187705
68,535,1475241
68,535,1505797
68,535,1507556
68,535,168899
68,535,336493
68,535,381536
68,535,447251
68,535,699592
68,537,459596
68,544,465428
68,560,1537311
68,570,16442
68,581,548119
68,585,333839
68,592,318115
68,592,494107
68,615,480125
68,627,1322181
68,638,1483646
68,644,1058741
68,644,1398065
68,644,1494717
68,657,123098
68,660,331768
68,665,232900
68,665,473567
68,665,556190
68,665,707643
68,665,732087
68,665,737338
68,665,741666
68,665,931444
68,665,958523
68,671,399074
68,672,1206038
68,680,1071842
68,688,185955
68,697,1594121
68,702,1081682
68,702,483543
68,702,590171
68,702,710312
68,710,557342
68,731,1127082
68,731,676771
68,741,1009790
68,741,1505538
68,741,539398
68,753,159700
68,756,449907
68,77,1033409
68,782,940700
68,785,803698
68,787,737659
68,795,1444429
68,797,1184755
68,803,1362728
68,803,1638255
68,803,697936
68,810,497231
68,816,457008
68,825,227486
68,828,706427
68,835,918532
68,855,269160
68,865,1502315
68,868,843901
68,868,851685
68,888,716393
68,89,1618450
68,904,494224
68,907,1204872
68,911,1016065
68,912,1308073
68,927,575826
68,942,1097147
68,943,850052
68,952,1290835
68,952,1363588
68,952,1429474
68,952,1491658
68,952,1501959
68,952,1511766
68,952,1551371
68,952,1618743
68,952,325393
68,952,449270
68,952,699401
68,952,884848
68,953,1538727
68,963,636232
68,967,983984
68,968,1515887
68,982,1118802
68,990,515062
68,992,1113052
68,992,859745
69,102,1019516
69,104,308003
69,107,1012763
69,118,764784
69,128,1128051
69,128,373952
69,128,803084
69,149,1403292
69,155,1606015
69,195,1178595
69,21,332138
69,275,42559
69,286,1612197
69,324,1464063
69,345,1059240
69,389,59906
69,389,755832
69,41,1346742
69,412,681322
69,44,1063233
69,47,1157064
69,501,581538
69,501,957292
69,510,1277065
69,510,967210
69,517,1070167
69,517,1403770
69,523,1162980
69,523,875153
69,524,1484215
69,524,1628327
69,535,1042640
69,548,957133
69,55,1520201
69,55,610948
69,564,189817
69,615,773181
69,627,1225544
69,627,1247332
69,644,1458082
69,644,150357
69,664,60978
69,665,1311176
69,665,1449153
69,671,198747
69,698,94891
69,731,428373
69,740,1599706
69,828,1002321
69,833,73999
69,855,960958
69,858,870219
69,940,1549597
69,943,1390539
69,943,759063
69,949,543794
69,992,1284139
7,106,1469597
7,128,439942
7,138,1123435
7,138,271247
7,170,134326
7,170,1356497
7,170,1456537
7,170,1469475
7,170,1508656
7,170,1579423
7,170,254734
7,170,29971
7,170,33279
7,170,372090
7,170,449302
7,170,548478
7,170,571698
7,170,863952
7,349,1086397
7,349,1536795
7,356,488455
7,356,964879
7,362,1181177
7,459,1403864
7,561,254126
7,598,15857
7,636,265826
7,636,406127
7,748,918766
7,748,965185
7,763,121524
7,763,1427921
7,875,1328839
7,875,1608692
7,90,351874
7,945,1159313
7,945,1166932
7,945,1422472
7,945,1567270
7,945,1620266
7,945,226689
7,945,371104
7,945,373350
7,945,564615
70,1002,414832
70,128,1212350
70,128,122780
70,128,261973
70,153,1236938
70,153,1455737
70,153,660671
70,153,748904
70,153,764168
70,153,78470
70,166,371507
70,170,439780
70,170,67139
70,188,157317
70,188,454886
70,189,1392493
70,189,491940
70,20,194523
70,202,672875
70,203,1607293
70,209,1470279
70,210,317025
70,212,1025496
70,212,1297680
70,212,1531753
70,22,1029942
70,22,1063505
70,22,1184364
70,22,1608060
70,22,386299
70,22,438619
70,22,521157
70,223,1216773
70,231,1081239
70,231,1266150
70,231,286144
70,231,64327
70,244,1306636
70,244,1517452
70,244,1584532
70,244,1615559
70,244,495284
70,244,549694
70,264,328304
70,265,43691
70,267,539488
70,268,1644759
70,321,562321
70,324,1298376
70,324,1575417
70,324,16753
70,324,195513
70,324,269908
70,324,612158
70,330,1220327
70,330,373816
70,345,1107904
70,345,1126394
70,345,1156829
70,345,540493
70,36,1176323
70,36,45247
70,384,285344
70,389,144833
70,389,1580469
70,389,17284
70,389,50468
70,389,513286
70,404,1086246
70,404,547963
70,404,97837
70,406,722844
70,409,1663885
70,410,60584
70,420,532876
70,431,1497035
70,431,1664590
70,431,584843
70,441,245557
70,457,1629690
70,494,1576285
70,501,253029
70,501,55605
70,501,793934
70,501,805792
70,510,372432
70,516,1234050
70,516,1289211
70,516,1345301
70,516,79397
70,529,1218405
70,529,992831
70,535,1537362
70,535,364197
70,535,976619
70,54,1457294
70,54,371714
70,54,650801
70,544,674702
70,548,1615275
70,548,256097
70,548,400319
70,556,1523674
70,560,1408539
70,560,1585762
70,560,1645570
70,560,636581
70,577,760368
70,617,1306010
70,646,1041336
70,646,1277455
70,646,1515773
70,646,185375
70,646,337648
70,646,544554
70,660,783553
70,666,1018688
70,671,1527290
70,69,1025490
70,7,262365
70,71,567606
70,731,1345618
70,735,199190
70,739,1625094
70,741,1237129
70,741,1360335
70,741,991537
70,748,100757
70,748,841854
70,753,1075422
70,753,1455409
70,756,63758
70,758,792149
70,773,1578784
70,785,997027
70,828,1302379
70,835,1387399
70,845,116279
70,845,1428467
70,845,411888
70,911,1043120
70,911,1147857
70,911,1246384
70,911,20379
70,911,435778
70,911,795842
70,932,1432223
70,943,790095
70,967,673749
70,998,1487666
71,153,1448537
71,195,1250915
71,244,510736
71,25,1598488
71,292,766760
71,324,969127
71,357,1105919
71,489,1528402
71,510,455828
71,523,340346
71,524,328639
71,524,605796
71,544,1226093
71,544,368767
71,548,561912
71,952,779786
71,986,427096
72,107,1076428
72,107,1165450
72,107,125906
72,107,1564329
72,107,1620047
72,107,260321
72,107,423637
72,107,453415
72,107,57057
72,107,879226
72,128,1508938
72,133,1659162
72,136,1029558
72,136,1046955
72,136,1263363
72,136,135144
72,136,460718
72,136,921313
72,149,566184
72,154,662760
72,167,443077
72,167,482106
72,189,102972
72,189,1081364
72,189,1104697
72,189,1395929
72,189,1407263
72,189,1413296
72,189,1485712
72,189,1606298
72,189,1658747
72,189,194591
72,189,213261
72,189,377765
72,189,569562
72,189,769232
72,189,797052
72,189,800716
72,189,8538
72,189,86730
72,221,113317
72,223,1125259
72,223,747611
72,231,1031207
72,231,1174263
72,231,1589604
72,231,1613077
72,231,196593
72,231,25355
72,231,618869
72,231,730472
72,231,766291
72,231,848146
72,231,964875
72,242,547218
72,268,348401
72,294,342707
72,298,357987
72,321,468760
72,324,1360714
72,345,1303416
72,345,1524059
72,345,520528
72,345,543756
72,345,790575
72,389,1457510
72,389,1483657
72,389,1524502
72,389,1540199
72,389,1574952
72,389,1598854
72,389,1627884
72,389,180270
72,389,333466
72,389,61898
72,389,628594
72,392,1009788
72,392,1480353
72,404,112971
72,404,219596
72,404,481550
72,405,1238761
72,410,206381
72,415,1392481
72,442,709434
72,464,672487
72,478,1326665
72,478,1369571
72,478,1645313
72,478,461249
72,478,566335
72,478,798498
72,478,815844
72,478,842997
72,478,885798
72,480,1116213
72,501,1244365
72,501,1550228
72,501,623749
72,507,1026773
72,510,1125101
72,510,1478765
72,535,1061868
72,535,1096297
72,535,1117227
72,535,1257981
72,535,1315504
72,535,1433431
72,535,1607989
72,535,209056
72,535,245449
72,535,247725
72,535,613256
72,535,821504
72,535,95077
72,548,1072967
72,555,475154
72,592,1557510
72,592,185790
72,592,246398
72,631,72188
72,670,546124
72,729,933592
72,737,575239
72,741,1219051
72,744,462621
72,756,460594
72,773,149723
72,773,1621503
72,773,462577
72,805,287022
72,835,1231450
72,835,29449
72,835,546969
72,835,597906
72,835,868227
72,839,1596902
72,839,804452
72,862,561607
72,874,1533295
72,875,104917
72,875,1126524
72,875,1253095
72,875,1262279
72,875,1283775
72,875,1442079
72,875,278011
72,875,375031
72,875,426897
72,875,546572
72,875,72287
72,875,7719
72,875,875824
72,88,869105
72,911,110391
72,931,451407
72,943,1338114
72,943,804597
72,979,910414
72,984,1098667
72,992,1408023
73,117,471330
73,128,1174585
73,135,269839
73,166,1120851
73,170,1187203
73,170,1276455
73,189,1035524
73,189,1039467
73,202,474763
73,202,690303
73,215,746962
73,225,664007
73,249,881054
73,26,1229392
73,311,1544144
73,324,1078395
73,324,1198976
73,324,418266
73,324,645805
73,324,860545
73,371,1440950
73,396,363038
73,403,1611225
73,41,345928
73,423,1344578
73,431,1088369
73,431,1098833
73,431,1162111
73,431,572311
73,447,292050
73,457,1169698
73,457,1187163
73,457,1374555
73,478,589639
73,504,1085780
73,507,1285082
73,507,19407
73,507,320147
73,507,765229
73,510,56995
73,516,1456828
73,529,304137
73,529,925998
73,533,407125
73,535,1062085
73,535,1381704
73,535,201122
73,535,204350
73,535,689165
73,575,1278936
73,621,1086446
73,628,779040
73,644,1385185
73,646,291181
73,646,727008
73,646,918141
73,656,1518466
73,665,158842
73,69,1344095
73,69,1651950
73,69,183192
73,69,654394
73,704,1172816
73,704,1173620
73,704,381764
73,704,640830
73,731,487569
73,736,50796
73,741,529149
73,753,1526121
73,753,1649727
73,753,57869
73,753,777371
73,753,937994
73,753,972504
73,756,655530
73,758,1662460
73,758,491752
73,758,899573
73,773,794271
73,773,811900
73,773,987775
73,775,1366174
73,782,890828
73,785,813629
73,828,1150436
73,828,1283837
73,828,1449734
73,828,315280
73,828,474074
73,828,827561
73,828,892270
73,828,913974
73,828,974765
73,836,1422991
73,863,1364750
73,911,118393
73,911,827154
73,943,865236
73,961,1144435
74,128,1415907
74,128,1516947
74,128,1648879
74,128,17555
74,128,213106
74,128,232020
74,128,486591
74,153,428106
74,170,1141972
74,170,1578642
74,170,929776
74,189,1307650
74,189,1327486
74,189,1387255
74,189,1484483
74,189,250534
74,189,258969
74,189,316060
74,189,416803
74,189,503236
74,189,513705
74,189,680988
74,189,799828
74,189,837934
74,208,373612
74,209,365755
74,21,754288
74,212,1038298
74,212,1536500
74,212,501429
74,231,423370
74,231,757233
74,239,989623
74,258,40130
74,268,138017
74,270,1635847
74,270,1644671
74,275,732754
74,290,993901
74,304,1360653
74,305,1543562
74,32,270219
74,324,1010875
74,324,1109661
74,324,1217700
74,324,1223173
74,324,130521
74,324,1354701
74,324,1436842
74,324,1449598
74,324,1453661
74,324,1474563
74,324,1575912
74,324,410573
74,324,539762
74,324,601469
74,324,656185
74,324,919886
74,324,923725
74,330,13979
74,330,229834
74,34,331902
74,345,1187336
74,345,1249572
74,345,1457111
74,345,1597047
74,353,1469478
74,374,1032262
74,389,1019831
74,389,1098671
74,389,1109859
74,389,1163826
74,389,1216230
74,389,1254686
74,389,1417683
74,389,1420018
74,389,1581071
74,389,60320
74,389,606219
74,389,650682
74,389,804717
74,392,1030248
74,392,1180093
74,392,432330
74,392,775794
74,402,1079880
74,402,1535582
74,402,917211
74,405,979690
74,41,777545
74,435,352177
74,440,405954
74,455,1086292
74,470,1242207
74,478,808757
74,494,1010580
74,500,1468905
74,516,1122081
74,516,267051
74,535,1150537
74,535,1246160
74,535,1533821
74,535,1561758
74,535,224806
74,535,281175
74,535,400909
74,535,50862
74,535,636637
74,535,701237
74,535,83149
74,535,855268
74,536,590762
74,537,1140966
74,544,1375375
74,544,655361
74,548,1230795
74,548,1386211
74,548,1601855
74,548,728165
74,55,464754
74,566,1144796
74,566,221089
74,607,243470
74,610,206043
74,627,1239427
74,627,1545321
74,633,347881
74,646,442741
74,646,56464
74,646,919146
74,676,271675
74,706,1045638
74,706,1253872
74,706,1407016
74,706,489417
74,706,846271
74,706,864330
74,706,904893
74,731,342901
74,731,506173
74,731,655761
74,731,907630
74,737,155209
74,737,304406
74,741,1089368
74,741,297027
74,741,480367
74,741,483907
74,741,780112
74,748,1152451
74,748,1365001
74,753,1602295
74,753,350766
74,756,1661764
74,756,173628
74,756,357460
74,762,762897
74,770,1663667
74,782,1339520
74,782,1595317
74,782,234791
74,803,108374
74,803,1131284
74,803,1256376
74,803,1422655
74,803,927395
74,807,1326080
74,825,1367411
74,828,1047017
74,828,1225491
74,828,124558
74,828,16843
74,828,195374
74,828,19756
74,828,352325
74,828,479365
74,828,774726
74,828,901828
74,835,1047976
74,835,1294910
74,835,1577830
74,835,1621044
74,835,242106
74,835,569223
74,835,703577
74,835,741809
74,835,938736
74,863,1208376
74,863,537844
74,863,69907
74,863,789350
74,875,1052761
74,875,1097653
74,875,1319643
74,875,1341020
74,875,1450983
74,875,307500
74,875,501396
74,880,1593546
74,880,221341
74,881,1169509
74,882,1017404
74,911,1027380
74,911,1038828
74,911,1316762
74,911,1358132
74,911,1388120
74,911,221733
74,914,367540
74,921,610409
74,943,1520451
74,943,249825
74,943,300622
74,943,945128
74,943,959051
74,95,807783
74,964,1444518
74,967,1124598
74,967,1617105
74,967,356208
74,992,1159561
74,992,1418941
74,992,169615
74,992,498712
74,992,708076
74,997,1094106
74,997,1231034
74,997,1301190
74,997,589927
74,997,740283
74,997,850512
74,997,937929
75,151,1250508
75,151,1440932
75,151,294039
75,151,627183
75,189,1569415
75,189,699500
75,218,818531
75,250,1040340
75,250,1109639
75,250,1170589
75,250,1508710
75,250,1662342
75,250,286060
75,250,487813
75,250,85997
75,315,1665577
75,315,570460
75,315,979327
75,345,1238691
75,535,1057340
75,535,1058735
75,535,112760
75,535,459741
75,629,1338904
75,629,1452741
75,639,115538
75,639,196219
75,639,445308
75,686,1635956
75,729,1055951
75,752,1258938
75,752,1357986
75,764,704418
75,773,1626193
75,773,942253
75,809,1135333
75,809,1358172
75,84,1132140
75,915,705345
76,709,1111437
77,117,1192404
77,117,1398131
77,117,22294
77,117,594247
77,117,644564
77,117,760474
77,201,254468
77,211,1490721
77,291,1069597
77,38,1196361
77,38,1564407
77,394,364862
77,478,468151
77,501,1585929
77,532,1282013
77,58,329913
77,675,1132304
77,675,1378576
77,675,1535069
77,675,174508
77,675,312624
77,675,760476
77,727,677590
77,840,1189698
77,870,870963
77,890,1034640
77,952,1565482
77,952,1585795
77,952,179073
77,952,210942
77,952,248304
77,952,646301
78,1006,1007116
78,1006,852816
78,127,1038482
78,127,1204347
78,127,137461
78,127,413999
78,127,702792
78,127,887752
78,13,1371793
78,13,1520996
78,13,1591757
78,13,618691
78,13,668132
78,13,689563
78,13,854582
78,13,923581
78,135,1213943
78,135,368895
78,135,53609
78,135,72977
78,185,1170396
78,185,1340546
78,185,650698
78,185,878777
78,309,1103685
78,309,1172554
78,309,1381535
78,309,153834
78,309,296767
78,309,654608
78,309,799185
78,309,983182
78,32,795102
78,324,648171
78,324,802920
78,329,1066844
78,409,1110595
78,409,1545871
78,409,212053
78,409,212582
78,409,227222
78,409,413632
78,409,420402
78,409,709349
78,409,722860
78,409,959447
78,494,1103770
78,646,574886
78,649,1640848
78,741,221080
78,811,384548
78,818,1356737
78,818,50097
78,892,12118
78,911,1223605
78,943,1264900
79,135,1068305
79,135,1426212
79,135,52090
79,135,802090
79,185,1272456
79,185,451799
79,206,623221
79,223,969474
79,237,1433751
79,257,1134399
79,289,1102135
79,289,1302818
79,295,217123
79,309,139302
79,309,1508546
79,32,97547
79,324,654349
79,324,95143
79,361,1054637
79,361,1110552
79,361,399429
79,361,527673
79,409,122273
79,409,1416810
79,409,1530218
79,409,1554875
79,409,230587
79,409,353506
79,409,590670
79,409,68023
79,409,818694
79,409,855603
79,494,1629979
79,494,957286
79,544,1528167
79,588,1244159
79,649,1632657
79,72,283710
79,724,1358804
79,734,276576
79,785,1038801
79,811,1490976
79,892,867904
79,991,1216893
8,1006,553249
8,135,1444930
8,135,812353
8,309,561500
8,324,190035
8,344,845051
80,721,293359
80,783,601373
81,170,1633442
81,212,594967
81,231,1190070
81,231,1205063
81,231,1305376
81,231,1492447
81,231,190118
81,231,331631
81,231,652107
81,324,1209522
81,345,1364381
81,346,1078558
81,346,141519
81,346,313004
81,346,344432
81,346,642606
81,346,912830
81,349,897961
81,389,849494
81,404,992572
81,415,1306523
81,490,1385534
81,501,50954
81,510,158617
81,535,1128625
81,535,1302366
81,535,1508688
81,535,1552683
81,535,1555330
81,535,440680
81,535,46695
81,535,815136
81,535,827428
81,576,948596
81,646,1091614
81,667,521079
81,68,1147608
81,689,558295
81,741,667818
81,741,740770
81,767,1256982
81,803,1449573
81,839,1007235
81,839,1450793
81,855,1271667
81,855,294236
81,855,665477
81,855,896786
81,922,1121865
81,922,1372996
81,922,1414308
81,922,467736
82,134,986035
82,189,1336292
82,189,200580
82,189,434561
82,189,821130
82,189,839835
82,189,913597
82,256,934908
82,298,584120
82,30,809359
82,30,926544
82,318,360004
82,345,1258908
82,345,299162
82,345,320667
82,389,1055399
82,389,1591273
82,389,424032
82,389,454547
82,478,1631943
82,478,790452
82,503,522295
82,510,228185
82,523,493629
82,535,1295401
82,535,775041
82,585,1076009
82,615,1077114
82,627,1416147
82,665,398867
82,741,1364935
82,741,437887
82,773,1099718
82,875,1493782
82,875,249480
82,875,584719
82,875,670365
82,875,932480
82,902,1018333
82,902,293891
82,911,252898
83,535,331192
83,535,677116
83,632,662093
83,632,911192
83,699,110763
83,699,1474165
84,133,1220625
84,133,368492
84,153,1574358
84,153,268750
84,156,495988
84,156,687191
84,170,1202989
84,170,553133
84,183,188440
84,189,189149
84,231,770866
84,237,971211
84,244,195105
84,244,867286
84,274,307062
84,372,1304811
84,389,1094169
84,389,1125884
84,389,1217240
84,389,1657102
84,389,21977
84,389,544426
84,389,575762
84,389,658994
84,389,716908
84,389,880998
84,389,9030
84,404,288240
84,414,1160904
84,431,216342
84,44,638161
84,443,1143838
84,443,1370285
84,443,1456151
84,443,1540618
84,443,1567148
84,443,1572050
84,443,191399
84,443,397117
84,443,571030
84,443,72316
84,443,807566
84,443,867155
84,485,1589352
84,486,397590
84,488,1300792
84,495,1365441
84,53,901954
84,535,1204131
84,535,1214000
84,535,1295042
84,535,1323655
84,535,205516
84,535,476679
84,535,730652
84,535,906315
84,544,1389447
84,544,1483315
84,560,1087060
84,560,129232
84,560,1449858
84,560,1455423
84,560,222969
84,560,364133
84,592,1637520
84,617,1136744
84,617,170932
84,617,528627
84,617,596620
84,617,853429
84,617,987738
84,647,1251233
84,731,405166
84,743,721351
84,761,1483022
84,813,91169
84,826,1365810
84,826,838082
84,838,1050545
84,839,1290371
84,839,784730
84,857,10683
84,857,264388
84,889,270151
84,896,1149918
84,896,1285181
84,896,333079
84,896,607592
84,896,736645
84,943,166525
84,967,777877
84,975,1244559
84,975,1365196
84,975,386694
85,1005,1428460
85,1005,1492273
85,1005,551335
85,170,1171385
85,170,1361594
85,170,1541349
85,170,232273
85,170,456257
85,170,48759
85,501,1186408
85,501,191270
85,501,191973
85,945,1373513
85,945,1655390
85,945,841042
86,107,993169
86,153,1012270
86,189,222519
86,189,30330
86,212,136899
86,212,1378511
86,231,667608
86,231,699064
86,244,1046119
86,244,506877
86,268,1591103
86,268,694387
86,272,256596
86,297,1206082
86,324,1558642
86,324,482296
86,328,1653533
86,34,370677
86,375,1166181
86,392,156003
86,41,116532
86,415,1228070
86,475,1056974
86,543,470393
86,546,1079561
86,585,904588
86,599,925365
86,646,1110301
86,66,158474
86,71,1264050
86,720,110569
86,748,1464815
86,748,829962
86,835,215749
86,835,371876
86,835,730136
86,835,953341
86,855,374965
86,875,1248270
86,888,385515
87,16,213242
87,171,1395013
87,297,1647363
87,671,846058
87,690,452251
87,75,249127
87,92,566451
88,1006,261851
88,117,526889
88,135,1003719
88,135,644965
88,145,1569262
88,153,710420
88,170,787626
88,185,1072908
88,19,314841
88,231,1124796
88,231,899839
88,231,92762
88,244,417723
88,244,557206
88,244,740652
88,257,1407680
88,275,237058
88,279,1442537
88,279,58958
88,309,401886
88,333,1557954
88,335,290400
88,37,96046
88,376,1414877
88,388,1294909
88,409,1632563
88,409,904549
88,483,829772
88,486,270461
88,560,1545034
88,560,900392
88,586,199545
88,6,355551
88,682,136940
88,682,599497
88,682,77993
88,694,67324
88,709,1384611
88,709,857475
88,734,87565
88,8,1422982
88,824,1544568
88,850,855165
88,860,1198392
88,895,1119347
88,945,1638915
88,952,1008170
89,194,710263
89,2,147961
89,330,101822
89,330,1493122
89,330,1613212
89,570,1134248
89,605,1356495
89,605,364892
89,605,622098
89,798,1291866
89,798,1377222
89,798,493017
89,868,330132
89,924,949166
9,133,487910
9,151,526531
9,225,817349
9,324,1473788
9,345,1373510
9,431,326335
9,493,150146
9,507,1003636
9,507,1256703
9,510,907277
9,535,1431892
9,535,348175
9,613,989612
9,617,427399
9,748,288282
9,773,1005501
9,780,53568
9,839,452866
9,886,1101924
90,170,353738
90,170,966474
91,1,1426520
91,1007,1427692
91,120,201313
91,125,518118
91,128,1158111
91,15,101271
91,15,1475765
91,170,1059020
91,170,1113066
91,170,1324679
91,170,1352227
91,170,1357682
91,170,142769
91,170,1473931
91,170,1478359
91,170,1562658
91,170,1580874
91,170,1636618
91,170,1662446
91,170,226178
91,170,349992
91,170,472659
91,170,569080
91,170,573478
91,170,619595
91,170,827715
91,212,1089549
91,212,1218986
91,212,1423971
91,212,1555059
91,212,439589
91,212,581620
91,212,754649
91,216,836832
91,216,967620
91,227,419655
91,244,1178133
91,244,1535086
91,244,217520
91,244,297923
91,247,1579134
91,252,1313320
91,263,636026
91,29,577926
91,324,246912
91,324,288244
91,324,455144
91,324,597987
91,324,702
91,324,99909
91,349,1426234
91,349,1602085
91,349,430799
91,349,582485
91,358,61695
91,364,736946
91,404,684623
91,431,1139155
91,431,1140236
91,431,1226787
91,431,1330622
91,431,1338686
91,431,135185
91,431,1457737
91,431,1492822
91,431,1638629
91,431,1653323
91,431,171969
91,431,202603
91,431,27489
91,431,30799
91,431,331694
91,431,406727
91,431,41512
91,431,465796
91,431,51685
91,431,553733
91,431,711889
91,456,579615
91,457,1429153
91,476,1316754
91,476,1498088
91,510,1057695
91,510,1216293
91,510,1617860
91,516,1225237
91,516,1481315
91,516,415506
91,529,294518
91,544,237117
91,547,279574
91,548,1016943
91,548,1591304
91,548,76788
91,570,142122
91,570,1462634
91,570,14664
91,570,932192
91,63,1563722
91,63,305351
91,684,714052
91,731,1439457
91,737,145143
91,737,1527181
91,741,1088806
91,741,1537227
91,741,40380
91,741,703475
91,746,59228
91,748,1060757
91,748,1105257
91,748,33378
91,748,851367
91,749,1041556
91,749,195759
91,753,1106617
91,753,1164680
91,753,1168704
91,753,1211431
91,753,1240431
91,753,1250997
91,753,1402539
91,753,1530853
91,753,1586957
91,753,1622261
91,753,16931
91,753,310844
91,753,329965
91,753,356888
91,753,381694
91,753,412053
91,753,45668
91,753,603264
91,753,748131
91,753,748493
91,753,908194
91,753,916456
91,753,989079
91,758,1083410
91,758,1180193
91,758,1339061
91,758,1458955
91,758,1513356
91,758,193426
91,758,45022
91,758,564102
91,758,603970
91,758,62787
91,758,844608
91,758,9565
91,769,581562
91,790,477897
91,790,737180
91,828,752819
91,847,1219997
91,863,1176360
91,87,818197
91,911,1654482
91,911,289128
91,911,443288
91,921,793760
91,927,1315395
91,954,1158187
91,957,1043436
92,128,274174
92,128,411309
92,135,239820
92,136,1532218
92,136,25086
92,136,569041
92,136,628266
92,149,194254
92,149,772266
92,153,140153
92,158,1409860
92,170,1233954
92,170,261109
92,170,678384
92,170,788321
92,189,1002020
92,189,1012930
92,189,1127312
92,189,1174495
92,189,1254126
92,189,1563560
92,189,187836
92,189,242524
92,189,276663
92,189,279143
92,189,585796
92,189,835939
92,202,1425364
92,204,569522
92,212,1162089
92,214,207172
92,223,1067124
92,223,1328167
92,223,1451904
92,228,231343
92,230,278581
92,231,1163138
92,231,1319741
92,231,1466117
92,231,1473370
92,231,1627294
92,231,176375
92,231,191890
92,231,354185
92,231,370207
92,231,513126
92,231,514496
92,231,642684
92,231,688329
92,231,771545
92,231,933578
92,231,993089
92,250,1225434
92,250,1436797
92,250,304033
92,257,681478
92,288,1024978
92,288,1299976
92,308,1327895
92,32,1612974
92,324,520065
92,324,62004
92,345,1122690
92,345,1200818
92,345,1456673
92,345,1524052
92,345,77202
92,389,1056255
92,389,120758
92,389,539537
92,401,1510947
92,401,918195
92,405,1258116
92,405,722174
92,432,768959
92,438,1421610
92,453,867451
92,464,1413571
92,478,250029
92,478,314075
92,478,946566
92,478,964267
92,501,1203023
92,510,157290
92,510,530599
92,510,778871
92,510,83001
92,516,1156735
92,516,1363869
92,516,1391692
92,516,1460781
92,516,318610
92,535,481328
92,535,537483
92,535,857964
92,535,893914
92,537,1536380
92,560,115630
92,566,1555474
92,583,405715
92,589,1623126
92,592,1612000
92,592,975607
92,627,1428834
92,646,74358
92,698,20684
92,723,1500198
92,723,366084
92,729,954059
92,731,471280
92,741,1082210
92,748,1237604
92,748,543950
92,753,38608
92,754,1514600
92,754,631541
92,773,598325
92,773,779341
92,773,904727
92,773,919581
92,773,998977
92,796,1499109
92,798,425943
92,803,1210230
92,835,1420767
92,837,115317
92,841,339514
92,842,1337715
92,842,482262
92,842,63920
92,875,1542611
92,875,186218
92,875,317337
92,875,749367
92,875,96265
92,875,978317
92,885,626012
92,911,1317548
92,911,1583580
92,911,835426
92,943,1240194
92,946,1129350
92,95,1462086
92,950,1525822
92,956,833191
92,971,857128
92,983,743157
92,992,1611226
92,993,1026317
92,993,313480
93,133,1200349
93,133,1210723
93,133,1392094
93,133,655418
93,133,668281
93,183,1597529
93,183,804230
93,183,824660
93,183,844977
93,186,1561230
93,189,108559
93,189,1382337
93,189,1488929
93,189,1536490
93,189,1636951
93,189,304579
93,189,400216
93,189,461591
93,189,49433
93,189,576131
93,189,758728
93,189,804924
93,231,1025242
93,231,1074440
93,231,119429
93,231,1216586
93,231,1508404
93,248,1607960
93,248,211329
93,248,656113
93,248,903479
93,256,1071788
93,256,1291864
93,256,521780
93,256,641004
93,256,687598
93,274,730811
93,274,803569
93,280,64222
93,305,198365
93,32,310278
93,324,177039
93,324,352319
93,324,358753
93,324,933501
93,345,1534349
93,345,1540511
93,345,307519
93,345,850042
93,35,804221
93,350,38209
93,383,357374
93,383,569774
93,389,1056207
93,389,1298607
93,389,212889
93,389,220787
93,389,288050
93,389,669143
93,389,856986
93,389,886597
93,389,968599
93,454,1268223
93,454,193456
93,454,398123
93,454,449263
93,49,1312762
93,501,1027462
93,501,1031648
93,501,1190859
93,510,1384727
93,510,15377
93,510,357186
93,510,638427
93,516,379304
93,527,1261677
93,527,782738
93,538,1002019
93,544,23042
93,573,300042
93,601,1640381
93,601,709965
93,601,839091
93,627,1062298
93,627,1319133
93,627,154339
93,646,1517937
93,646,993948
93,702,1147425
93,760,668075
93,773,236742
93,773,814369
93,835,401361
93,843,1555795
93,848,116604
93,848,1611368
93,875,1555041
93,875,1555424
93,875,508994
93,875,78590
93,911,1227040
93,911,593452
93,943,354057
93,952,162751
93,952,186422
93,952,461084
93,952,657102
93,962,1050452
93,965,1078815
93,974,1053695
93,974,1511721
93,974,59729
94,128,386463
94,138,1430234
94,138,201713
94,170,1065718
94,170,1125682
94,170,1305761
94,170,1349454
94,170,1459775
94,170,1547444
94,170,1612940
94,170,169856
94,170,173023
94,170,28115
94,170,321915
94,170,389383
94,170,467346
94,170,740570
94,349,1210746
94,349,394108
94,356,1553607
94,356,272233
94,362,1557820
94,459,226089
94,535,1134656
94,548,313555
94,561,890715
94,598,518244
94,636,1634718
94,636,953085
94,748,1504173
94,748,435488
94,763,1451919
94,763,540882
94,875,1016616
94,875,1632393
94,90,318457
94,945,112492
94,945,1483933
94,945,1635399
94,945,189546
94,945,263728
94,945,29335
94,945,701263
94,945,707362
94,945,96083
95,117,981915
96,1004,1105538
96,1004,1208942
96,1004,1498432
96,22,548298
96,22,620140
96,223,408901
96,261,1530977
96,284,568886
96,291,68403
96,291,854318
96,32,1617958
96,334,152028
96,334,1532584
96,387,185721
96,397,245542
96,40,671536
96,445,631382
96,460,1138257
96,517,359811
96,535,1562299
96,535,1636277
96,567,187661
96,626,1091328
96,645,147921
96,645,1504341
96,668,1016063
96,698,732934
96,719,343788
96,72,1048714
96,72,1080137
96,72,1254971
96,72,264902
96,72,356418
96,741,1138780
96,754,1623762
96,784,1328647
96,803,829867
96,828,1457951
96,828,1487845
96,916,1246812
96,931,615397
